"TOA5","VST_Bruarjokull_B13","CR1000","58182","CR1000.Std.32.05","CPU:Bruarjokull_B13_2021.CR1","36387","MET"
"TIMESTAMP","RECORD","volt","f","f_v","d","dsdev","fsdev","t","t2","rh","ps","sw_in","sw_out","lw_in","lw_out","RS","RL","RN","HS","HS2"
"TS","RN","V","m/s","m/s","Deg","Deg","m/s","C","C","%","mBar","W/m^2","W/m^2","W/m^2","W/m^2","W/m^2","W/m^2","W/m^2","cm",""
"","","Smp:BattVolt","WVc:WSpeed","WVc:Wspeed_vector","WVc:WDir","WVc:WDir_StdDev","Std:WSpeed_StdDev","Smp:AT","Smp:AT_Backup","Smp:RH","Smp:BP","Avg:sw_in","Avg:sw_out","Avg:lw_in","Avg:lw_out","Avg:RS","Avg:RL","Avg:RN","Smp:HS","Smp:HS2"
"2021-05-02 11:40:00",0,13.03,2.614,2.552,8.91,12.52,0.545,-6.466,-8.32,79.97,879.5817,659.7548,483.965,247.3946,271.9728,175.7897,-24.57817,151.2115,96.5,0
"2021-05-02 11:50:00",1,13.02,2.272,2.173,11.75,16.94,0.584,-6.359,-7.999,79.45,879.5096,662.8574,496.4563,243.5221,267.3499,166.4011,-23.8278,142.5733,96.6,0
"2021-05-02 12:00:00",2,12.98,2.466,2.391,10.77,14.1,0.558,-6.715,-8.26,80.6,879.5322,589.5947,463.4496,247.6913,261.8342,126.1451,-14.14286,112.0023,96.5,0
"2021-05-02 12:10:00",3,12.98,2.45,2.315,5.297,18.99,0.789,-7.42,-8.8,79.32,879.5652,573.9529,468.7168,248.3485,259.2983,105.2361,-10.94987,94.28622,96.4,0
"2021-05-02 12:20:00",4,12.97,1.985,1.836,15.31,22.1,0.767,-6.404,-8.1,81.4,879.5757,558.9398,458.1254,249.739,260.3918,100.8145,-10.65285,90.16161,96.4,0
"2021-05-02 12:30:00",5,12.97,2.24,2.091,20.25,20.88,0.756,-6.624,-8.36,81.5,879.6002,586.9128,480.1166,252.2354,262.8413,106.7963,-10.60585,96.19041,95.8,0
"2021-05-02 12:40:00",6,12.97,2.577,2.444,22.3,18.42,0.768,-6.722,-8.32,76.52,879.5856,609.6298,497.8419,252.6838,265.1139,111.7879,-12.43015,99.35776,95.4,0
"2021-05-02 12:50:00",7,12.97,2.139,1.979,14.64,22.15,0.86,-5.435,-7.48,77.83,879.5881,591.1894,487.0719,257.2377,267.1709,104.1174,-9.933158,94.18427,95.3,0
"2021-05-02 13:00:00",8,12.97,2.296,2.168,16.9,19.13,0.716,-5.665,-7.613,75.63,879.6162,620.2807,504.1663,255.678,268.0779,116.1145,-12.39981,103.7146,95.7,0
"2021-05-02 13:10:00",9,13,2.172,1.99,8.2,23.42,0.795,-6.088,-8.06,76.54,879.6288,598.3734,487.2575,253.4915,265.6156,111.1158,-12.12412,98.99171,95.3,0
"2021-05-02 13:20:00",10,13.04,3.012,2.863,22.65,18.02,0.732,-6.451,-8.84,77.84,879.5558,648.8323,518.5285,249.8707,265.4723,130.3038,-15.60163,114.7022,95.1,0
"2021-05-02 13:30:00",11,13.04,3.105,3.067,35.06,9.02,0.44,-6.661,-8.89,79.13,879.5883,775.8423,621.1186,248.5661,270.1627,154.7238,-21.59658,133.1272,95.1,0
"2021-05-02 13:40:00",12,13.03,1.918,1.807,21.18,19.41,0.717,-4.297,-6.972,71.04,879.4642,735.4338,591.0955,252.6069,272.0198,144.3384,-19.41286,124.9255,95.5,0
"2021-05-02 13:50:00",13,13,2.158,2.008,9.98,21.3,0.725,-5.138,-7.411,71.81,879.375,663.4714,536.8434,251.9782,266.6464,126.628,-14.66817,111.9598,95.3,0
"2021-05-02 14:00:00",14,12.99,3.89,3.788,31,13.13,0.689,-7.118,-8.92,81.1,879.3602,621.7316,504.6039,248.134,263.0984,117.1277,-14.96441,102.1633,95,0
"2021-05-02 14:10:00",15,12.99,2.679,2.537,19.82,18.65,0.938,-5.37,-7.71,76.63,879.3885,621.5769,498.9669,254.5257,271.2978,122.61,-16.77208,105.8379,95.4,0
"2021-05-02 14:20:00",16,12.98,2.183,2.036,12.28,20.97,0.627,-5.283,-7.523,72.64,879.3035,647.1854,524.6274,255.3243,270.3516,122.558,-15.02729,107.5307,96.1,0
"2021-05-02 14:30:00",17,12.97,2.179,2.035,12.89,20.81,0.727,-5.127,-7.276,71.9,879.2454,614.7827,499.0503,252.2219,266.5092,115.7324,-14.28729,101.4451,96,0
"2021-05-02 14:40:00",18,12.96,2.77,2.626,20.15,18.47,0.815,-5.805,-7.915,76.37,879.2481,563.1134,458.2984,251.791,264.8353,104.815,-13.04428,91.77068,96.2,0
"2021-05-02 14:50:00",19,12.95,2.842,2.734,21.88,15.74,0.935,-6.059,-8.11,76.15,879.2009,566.0201,458.1702,254.8806,269.0325,107.8499,-14.15187,93.69806,96,0
"2021-05-02 15:00:00",20,12.95,2.845,2.702,19.84,18.17,0.83,-5.835,-7.754,76.34,879.1172,553.5696,452.0786,257.3654,270.3407,101.491,-12.97537,88.51566,96.3,0
"2021-05-02 15:10:00",21,12.94,2.411,2.198,7.425,24.08,0.807,-6.041,-7.774,75.93,878.9875,526.8559,431.3235,256.0874,267.9262,95.53234,-11.83877,83.69357,96,0
"2021-05-02 15:20:00",22,12.93,4.251,4.031,0.578,18.44,0.691,-7.41,-8.95,83.3,878.9025,496.6115,406.0971,253.5309,263.4858,90.51438,-9.954912,80.55946,95.6,0
"2021-05-02 15:30:00",23,12.94,4.067,3.862,1.121,18.17,0.827,-7.511,-9.07,84.2,878.8591,486.9419,398.1046,256.0583,265.7206,88.83729,-9.662297,79.175,95.9,0
"2021-05-02 15:40:00",24,12.93,4.522,4.286,1.848,18.48,0.779,-7.526,-9.02,85.1,878.9116,483.9078,395.6084,257.0914,266.6751,88.29939,-9.583714,78.71567,95.8,0
"2021-05-02 15:50:00",25,12.94,3.871,3.665,15.77,18.65,0.969,-7.049,-8.84,85.5,878.9059,433.4246,357.2681,261.4922,269.2171,76.15649,-7.724941,68.43154,95.6,0
"2021-05-02 16:00:00",26,12.94,4.143,3.86,20.73,21.16,1.101,-7.199,-8.86,86.6,878.8414,419.186,346.1216,265.6745,272.935,73.06441,-7.260488,65.80392,95.7,0
"2021-05-02 16:10:00",27,12.95,3.57,3.347,15.13,20.29,1.009,-6.917,-8.64,84.7,878.7883,426.5327,348.8528,265.4503,273.6787,77.67995,-8.22846,69.45148,96,0
"2021-05-02 16:20:00",28,12.95,3.147,2.898,13.52,22.76,0.966,-6.888,-8.6,82.2,878.8025,422.4173,343.6947,263.6339,273.2455,78.72256,-9.611555,69.11101,96,0
"2021-05-02 16:30:00",29,12.94,3.447,3.244,16.52,19.64,0.995,-6.897,-8.53,83.2,878.8195,407.0459,329.513,263.3785,272.6132,77.53291,-9.234657,68.29824,96.3,0
"2021-05-02 16:40:00",30,12.94,3.338,3.108,15.49,21.27,0.856,-6.923,-8.51,83,878.8401,385.1048,309.0523,262.0711,272.7563,76.0525,-10.68511,65.36739,96,0
"2021-05-02 16:50:00",31,12.94,3.088,2.816,10.63,24.01,0.831,-6.994,-8.48,82.8,878.8381,383.6485,306.7787,261.3123,272.9952,76.86979,-11.6829,65.18689,96.2,0
"2021-05-02 17:00:00",32,12.94,3.064,2.836,6.792,22.09,0.996,-6.942,-8.45,81.9,878.8257,382.3445,306.8755,259.8312,271.6218,75.46899,-11.79052,63.67848,96.4,0
"2021-05-02 17:10:00",33,12.93,3.588,3.265,4.539,24.32,0.967,-7.45,-8.81,84.4,878.7866,341.6859,275.4583,260.6473,270.466,66.22752,-9.818695,56.40882,96.8,0
"2021-05-02 17:20:00",34,12.92,3.234,2.933,8.08,24.7,0.805,-7.349,-8.68,84.9,878.7275,320.0143,256.2486,262.4536,271.2838,63.76572,-8.830236,54.93548,97.8,0
"2021-05-02 17:30:00",35,12.92,3.53,3.246,5.313,22.97,0.911,-7.448,-8.69,86.3,878.7206,318.6499,253.6088,262.2086,272.3589,65.04108,-10.15031,54.89077,97.6,0
"2021-05-02 17:40:00",36,12.91,4.944,4.738,2.085,16.53,0.911,-7.99,-9.13,86.1,878.6244,293.3558,236.1734,262.2045,271.5707,57.18244,-9.36626,47.81618,97.4,0
"2021-05-02 17:50:00",37,12.91,3.315,3.094,8.91,20.92,1.012,-7.374,-8.53,85.3,878.5816,284.0138,225.2027,263.051,274.2504,58.81104,-11.19934,47.61169,97.5,0
"2021-05-02 18:00:00",38,12.9,3.241,3.007,10.52,21.78,0.963,-7.348,-8.53,86.4,878.543,259.4178,207.3269,265.6489,274.7115,52.09095,-9.062555,43.02839,97.7,0
"2021-05-02 18:10:00",39,12.84,2.989,2.746,8.19,23.1,0.855,-7.288,-8.11,86.4,878.5311,241.8698,192.1504,263.4703,274.1433,49.71944,-10.67301,39.04643,97.6,0
"2021-05-02 18:20:00",40,12.81,3.065,2.855,6.94,21.21,0.91,-7.681,-8.37,87.2,878.5296,212.4616,170.2667,265.0609,273.7218,42.1949,-8.660883,33.53402,97.6,0
"2021-05-02 18:30:00",41,12.79,3.439,3.2,8.97,21.35,0.927,-7.772,-8.37,88,878.542,188.1765,152.0343,266.3983,273.6437,36.14217,-7.245376,28.8968,97.1,0
"2021-05-02 18:40:00",42,12.78,3.693,3.384,10.21,23.45,0.971,-7.817,-8.48,88,878.5157,181.3817,145.7336,266.0653,274.0753,35.64812,-8.010001,27.63812,96.9,0
"2021-05-02 18:50:00",43,12.76,3.451,3.188,9.37,22.38,0.905,-8.01,-8.55,88.3,878.5511,163.9468,131.8268,266.0001,274.4427,32.11997,-8.442647,23.67732,97.2,0
"2021-05-02 19:00:00",44,12.74,4.172,3.878,4.812,21.49,1.044,-8.22,-8.71,87.7,878.4996,151.1922,121.0521,265.1958,274.0924,30.14019,-8.896593,21.24359,96.7,0
"2021-05-02 19:10:00",45,12.78,4.455,4.23,1.03,18.19,1.122,-8.37,-9.12,88.5,878.4553,138.4878,110.9405,265.9934,274.7175,27.54723,-8.724094,18.82314,96.9,0
"2021-05-02 19:20:00",46,12.78,3.926,3.672,3.42,20.58,0.943,-8.27,-8.98,89.6,878.4174,120.1724,97.11761,268.974,275.7968,23.05483,-6.822769,16.23206,96.6,0
"2021-05-02 19:30:00",47,12.77,3.99,3.762,4.906,19.39,1.029,-8.31,-9.05,89.9,878.4188,102.999,83.45902,269.7648,275.9727,19.54002,-6.207937,13.33208,97.3,0
"2021-05-02 19:40:00",48,12.76,4.165,3.829,7.708,22.99,1.092,-8.4,-9.01,88.8,878.552,91.44001,73.82304,268.6477,275.945,17.61697,-7.297355,10.31962,96.8,0
"2021-05-02 19:50:00",49,12.75,3.657,3.411,8.18,20.99,0.775,-8.36,-8.97,89.2,878.5875,79.78882,64.36852,268.1891,276.0996,15.42031,-7.910504,7.509806,97.1,0
"2021-05-02 20:00:00",50,12.74,3.313,3.091,4.163,20.96,0.901,-8.39,-9.03,89.9,878.5785,69.43095,55.9767,268.9598,276.3334,13.45426,-7.373568,6.080696,97.2,0
"2021-05-02 20:10:00",51,12.73,3.219,2.991,9.6,21.54,0.808,-8.34,-8.97,90,878.5272,69.6954,55.63088,269.4565,277.1105,14.06451,-7.653965,6.410547,97.1,0
"2021-05-02 20:20:00",52,12.72,3.572,3.395,12.82,18.05,0.906,-8.52,-9.06,89.7,878.6022,61.22967,48.66701,267.87,276.907,12.56266,-9.036983,3.525681,97.2,0
"2021-05-02 20:30:00",53,12.7,3.62,3.35,6.564,22.12,0.811,-8.75,-9.25,89.6,878.6814,44.35615,35.65564,267.3992,275.9641,8.700512,-8.56491,0.1356025,97.2,0
"2021-05-02 20:40:00",54,12.69,3.714,3.4,3.189,23.55,0.872,-8.85,-9.38,89.4,878.6561,34.64959,28.01098,267.7451,275.5242,6.638608,-7.779146,-1.140538,97.3,0
"2021-05-02 20:50:00",55,12.68,3.988,3.821,0.182,16.6,0.789,-8.92,-9.44,89.5,878.5764,27.15619,21.93659,267.3072,275.6554,5.219596,-8.348193,-3.128597,97.2,0
"2021-05-02 21:00:00",56,12.66,4.366,4.204,359.7,15.61,0.586,-8.97,-9.5,89.5,878.5074,18.61555,15.26293,268.6649,276.076,3.352614,-7.411108,-4.058494,97.2,0
"2021-05-02 21:10:00",57,12.65,4.066,3.895,1.094,16.6,0.654,-8.96,-9.49,89.4,878.5751,13.52799,11.18635,270.3105,276.3099,2.34164,-5.999396,-3.657756,96.8,0
"2021-05-02 21:20:00",58,12.65,4.259,4.022,359.4,19.1,0.657,-8.96,-9.45,89.5,878.5706,9.157029,7.645993,271.2008,276.797,1.511037,-5.596177,-4.08514,97.1,0
"2021-05-02 21:30:00",59,12.64,4.377,4.138,358.3,18.91,0.645,-8.95,-9.44,89.6,878.5622,6.144722,5.16762,272.0748,276.8768,0.9771013,-4.80197,-3.824868,97,0
"2021-05-02 21:40:00",60,12.62,4.713,4.535,355.3,15.71,0.623,-8.97,-9.39,89.6,878.5168,4.332435,4.029715,272.2365,276.9419,0.3027195,-4.705395,-4.402675,97.8,0
"2021-05-02 21:50:00",61,12.62,4.049,3.938,354.9,13.36,0.452,-8.97,-9.4,89.6,878.4809,3.042075,2.689671,271.5872,276.4458,0.3524039,-4.858623,-4.506219,97.9,0
"2021-05-02 22:00:00",62,12.61,4.266,4.111,357.2,15.43,0.537,-8.94,-9.36,89.4,878.5524,1.739168,1.681034,273.0167,276.7106,0.05813358,-3.693913,-3.63578,97.6,0
"2021-05-02 22:10:00",63,12.61,4.218,4.117,354,12.54,0.424,-8.97,-9.37,89.5,878.4436,0.9338018,0.9035228,274.2067,276.9802,0.03027888,-2.773542,-2.743263,97.8,0
"2021-05-02 22:20:00",64,12.6,4.381,4.286,354.3,11.97,0.357,-8.91,-9.37,89.5,878.4538,0.7266995,0.7266995,274.8401,277.0565,0,-2.216434,-2.216434,97.9,0
"2021-05-02 22:30:00",65,12.6,4.591,4.444,354.1,14.5,0.492,-8.82,-9.3,89.6,878.3745,0.2531339,0.45661,274.9993,277.2194,-0.2034761,-2.220084,-2.42356,97.2,0
"2021-05-02 22:40:00",66,12.59,4.493,4.288,0.965,17.32,0.79,-8.74,-9.2,89.6,878.4123,0.04360202,0.6346517,275.6729,277.7549,-0.5910497,-2.082012,-2.673062,97,0
"2021-05-02 22:50:00",67,12.59,3.845,3.629,1.097,19.23,0.88,-8.66,-9.13,89.6,878.3988,0,0.1320172,276.0868,277.9544,-0.1320172,-1.867641,-1.999658,97.4,0
"2021-05-02 23:00:00",68,12.59,3.584,3.298,4.708,22.87,0.88,-8.73,-9.19,89.3,878.3758,0,0,275.4426,277.5912,0,-2.148618,-2.148618,96.3,0
"2021-05-02 23:10:00",69,12.58,4.266,3.987,2.102,20.72,1.131,-8.74,-9.2,89.4,878.1973,0,0,275.3452,277.2129,0,-1.867625,-1.867625,96.1,0
"2021-05-02 23:20:00",70,12.58,5.235,4.939,1,19.28,0.995,-8.72,-9.15,89.5,878.1067,0,0,275.4013,277.2071,0,-1.805857,-1.805857,98.7,0
"2021-05-02 23:30:00",71,12.57,4.342,3.921,6.733,25.21,1.092,-8.88,-9.31,89.2,878.2136,0,0,275.3429,276.892,0,-1.549084,-1.549084,97.2,0
"2021-05-02 23:40:00",72,12.57,3.695,3.411,8.23,22.46,0.892,-8.96,-9.36,89.2,878.2825,0,0,274.4553,276.3629,0,-1.907596,-1.907596,97,0
"2021-05-02 23:50:00",73,12.57,3.399,3.088,5.762,24.48,0.76,-9.03,-9.44,89.2,878.2663,-0.06176953,0,273.5603,276.0783,-0.06176953,-2.518025,-2.579794,96.5,0
"2021-05-03 00:00:00",74,12.56,3.581,3.335,7.366,21.24,0.866,-9.06,-9.5,89.2,878.2825,-0.4251197,0.04602436,272.019,275.3267,-0.4711441,-3.307696,-3.77884,97.1,0
"2021-05-03 00:10:00",75,12.51,3.907,3.602,3.375,22.64,0.929,-8.92,-9.1,89.7,878.2541,0,0.4566101,274.5954,276.3673,-0.4566101,-1.771954,-2.228564,97.4,0
"2021-05-03 00:20:00",76,12.5,4.51,4.103,4.561,24.33,0.96,-9.11,-9.25,89.3,878.1716,-0.1332284,0.1477624,273.9108,276.0255,-0.2809908,-2.114704,-2.395695,96.8,0
"2021-05-03 00:30:00",77,12.5,5.087,4.753,3.479,20.75,1.042,-9.3,-9.42,89.3,878.1135,-0.3173259,0,272.6731,274.9477,-0.3173259,-2.274575,-2.591901,97,0
"2021-05-03 00:40:00",78,12.49,5.138,4.844,359.9,19.4,1.206,-9.34,-9.48,89.3,878.0458,-0.2943137,0,271.7806,274.4875,-0.2943137,-2.70696,-3.001274,96.9,0
"2021-05-03 00:50:00",79,12.49,5.15,4.774,1.438,21.9,1.057,-9.33,-9.48,89.2,878.131,-0.02664568,0.1550294,272.7883,274.8546,-0.1816751,-2.066257,-2.247932,96.8,0
"2021-05-03 01:00:00",80,12.5,4.853,4.56,0.058,19.89,1.011,-9.37,-9.51,89.2,878.0905,-0.1550294,0,272.7623,274.636,-0.1550294,-1.873678,-2.028708,96.7,0
"2021-05-03 01:10:00",81,12.53,4.719,4.436,359.6,19.83,0.835,-9.34,-9.83,89,878.0919,-0.1441289,0.01332284,272.9849,274.4274,-0.1574518,-1.442509,-1.59996,96.7,0
"2021-05-03 01:20:00",82,12.53,4.634,4.329,359.2,20.76,1.009,-9.58,-10.1,88.8,878.0188,-0.4432873,0.03391268,271.2267,273.3233,-0.4771999,-2.096532,-2.573732,96.6,0
"2021-05-03 01:30:00",83,12.53,5.215,5.019,356.4,15.72,0.979,-9.64,-10.08,88.6,877.9701,-0.05813603,0.1901533,272.0078,273.856,-0.2482893,-1.848247,-2.096536,96.9,0
"2021-05-03 01:40:00",84,12.53,3.724,3.541,1.222,17.94,1.051,-9.38,-9.9,88.8,877.9323,-0.001211167,0.4820446,273.5612,274.5968,-0.4832558,-1.035568,-1.518824,97,0
"2021-05-03 01:50:00",85,12.52,3.767,3.545,13.47,19.68,1.086,-9.4,-9.9,88.8,877.8552,0,0.07630354,273.4624,274.4641,-0.07630354,-1.00165,-1.077953,96.9,0
"2021-05-03 02:00:00",86,12.52,3.673,3.467,14.78,19.16,0.892,-9.54,-10.03,88.7,877.8796,0,0,273.225,274.0607,0,-0.8357178,-0.8357178,97,0
"2021-05-03 02:10:00",87,12.51,3.493,3.298,13.31,19.15,1.025,-9.6,-10.08,88.7,877.9066,0,0,272.9447,273.6824,0,-0.7376153,-0.7376153,97.1,0
"2021-05-03 02:20:00",88,12.51,3.555,3.338,11.03,20.04,0.974,-9.66,-10.16,88.7,877.8984,-0.002422335,0,272.6096,273.3641,-0.002422335,-0.7545713,-0.7569937,97.1,0
"2021-05-03 02:30:00",89,12.51,3.59,3.31,5.47,22.63,0.994,-9.82,-10.28,88.5,877.9066,-0.1877309,0,271.9821,272.9814,-0.1877309,-0.9992218,-1.186953,96.9,0
"2021-05-03 02:40:00",90,12.51,4.363,4.039,1.589,22.07,0.91,-9.91,-10.39,88.4,877.7538,-0.0557137,0,271.5293,272.5757,-0.0557137,-1.046456,-1.10217,96.9,0
"2021-05-03 02:50:00",91,12.51,3.775,3.485,2.121,22.46,1.052,-10,-10.47,88.4,877.7795,-0.3367045,0,270.9552,272.0077,-0.3367045,-1.052512,-1.389216,96.9,0
"2021-05-03 03:00:00",92,12.51,2.854,2.632,5.944,22.63,0.748,-10.1,-10.58,88.3,877.7849,-0.003633502,0,271.0753,271.8141,-0.003633502,-0.7388265,-0.74246,96.9,0
"2021-05-03 03:10:00",93,12.5,3.604,3.335,4.769,22.14,0.917,-10,-10.52,88.5,877.674,-0.04117969,0.02543451,270.8868,271.7419,-0.0666142,-0.8550958,-0.92171,96.8,0
"2021-05-03 03:20:00",94,12.5,3.754,3.443,2.581,23.32,0.961,-10.14,-10.6,88.2,877.6537,-0.001211191,0.008478262,271.063,271.8018,-0.009689453,-0.738827,-0.7485164,96.7,0
"2021-05-03 03:30:00",95,12.5,3.392,3.109,4.434,23.4,1.02,-10.11,-10.6,88.4,877.5766,0,0,270.7476,271.4743,0,-0.726732,-0.726732,96.5,0
"2021-05-03 03:40:00",96,12.5,3.495,3.18,3.169,24.32,0.947,-10.09,-10.6,88.4,877.5604,0,0.2458768,270.851,271.5777,-0.2458768,-0.7267362,-0.972613,96.3,0
"2021-05-03 03:50:00",97,12.49,3.827,3.591,2.604,20.09,0.854,-10.27,-10.73,88.2,877.5448,0,0.2991817,270.2334,271.0256,-0.2991817,-0.7921621,-1.091344,96.7,0
"2021-05-03 04:00:00",98,12.49,3.815,3.597,0.3,19.37,0.727,-10.21,-10.72,88.3,877.5193,0.3742959,0.5414557,269.9716,270.6656,-0.1671597,-0.6940712,-0.8612309,96.3,0
"2021-05-03 04:10:00",99,12.49,5.173,4.966,359.2,16.2,0.892,-10.27,-10.72,88.1,877.3986,1.336086,1.396652,270.8247,271.5151,-0.06056587,-0.6904482,-0.7510141,95.8,0
"2021-05-03 04:20:00",100,12.49,5.567,5.307,357.2,17.51,1.017,-10.39,-10.85,88,877.3986,2.111364,1.997498,270.015,270.7358,0.1138661,-0.7207499,-0.6068838,96.3,0
"2021-05-03 04:30:00",101,12.49,6.084,5.778,357.1,18.17,0.913,-10.55,-10.99,87.9,877.2168,3.809719,3.388166,269.3951,270.2346,0.4215526,-0.8394664,-0.4179138,95.3,0
"2021-05-03 04:40:00",102,12.49,5.21,5.004,356.3,16.11,0.879,-10.44,-10.9,88.1,877.0814,5.315478,4.740078,269.5706,270.1775,0.5753996,-0.6068835,-0.0314839,467.1,0
"2021-05-03 04:50:00",103,12.49,4.513,4.22,357.8,20.63,1.182,-10.55,-11.04,88,877.2401,7.49594,6.442051,269.1409,269.8677,1.053889,-0.7268066,0.3270824,95.2,0
"2021-05-03 05:00:00",104,12.49,4.171,4.008,356.5,15.98,1.214,-10.52,-11.04,88,877.1674,11.43762,9.87376,269.3044,269.8556,1.56386,-0.5511617,1.012699,95.7,0
"2021-05-03 05:10:00",105,12.49,3.296,3.117,359.6,18.88,0.782,-10.49,-11.05,88,877.2278,17.08859,14.46117,269.2834,269.7776,2.62743,-0.4942285,2.133202,95.8,0
"2021-05-03 05:20:00",106,12.49,3.368,3.169,1.393,19.71,0.756,-10.47,-11.01,88.1,877.2275,21.57671,18.44292,269.7946,269.9303,3.133783,-0.1356706,2.998113,460.2,0
"2021-05-03 05:30:00",107,12.5,3.092,2.903,1.963,20.01,0.757,-10.43,-10.98,88.2,877.2098,27.96318,23.72582,270.0426,270.045,4.23736,-0.002422689,4.234937,465.8,0
"2021-05-03 05:40:00",108,12.51,4.249,4.09,356.9,15.67,0.823,-10.38,-10.99,88.1,877.2919,32.15221,27.47268,270.1748,270.1893,4.679527,-0.01453618,4.66499,466.6,0
"2021-05-03 05:50:00",109,12.51,4.901,4.833,350.7,9.55,0.474,-10.51,-11.11,87.9,877.2429,42.87762,36.28656,269.9766,269.9766,6.591059,0,6.591059,462.8,0
"2021-05-03 06:00:00",110,12.52,5.206,5.173,349.6,6.401,0.583,-10.52,-11.16,88,877.2899,50.1846,42.48877,269.7206,269.7267,7.695827,-0.006056722,7.68977,459,0
"2021-05-03 06:10:00",111,12.46,5.001,4.938,349.7,9.14,0.405,-10.55,-10.93,88.1,877.3578,58.63071,49.68953,269.7486,269.7971,8.941183,-0.04845581,8.892727,464.6,0
"2021-05-03 06:20:00",112,12.45,4.778,4.729,349,8.22,0.61,-10.56,-10.97,88.2,877.3704,70.00842,59.18729,269.5666,269.6247,10.82112,-0.05814453,10.76298,98.4,0
"2021-05-03 06:30:00",113,12.46,3.958,3.781,358.8,17.13,0.804,-10.43,-10.86,88.3,877.3708,82.62988,69.75565,269.9518,270.4279,12.87424,-0.4760584,12.39818,468.4,0
"2021-05-03 06:40:00",114,12.47,2.708,2.538,7.421,20.31,0.728,-10.44,-10.9,88.1,877.3174,90.71532,76.61888,270.5035,270.1583,14.09644,0.3452331,14.44167,467.8,0
"2021-05-03 06:50:00",115,12.48,2.402,2.237,6.288,21.23,0.601,-10.44,-10.97,88,877.2639,109.9042,92.00156,270.7345,270.3699,17.90269,0.3646147,18.2673,98.8,0
"2021-05-03 07:00:00",116,12.48,3.069,2.929,0.708,17.27,0.686,-10.47,-11,88.3,877.3114,124.8696,104.0762,269.9447,269.6831,20.79343,0.2616438,21.05507,98.4,0
"2021-05-03 07:10:00",117,12.57,2.626,2.5,2.532,17.75,0.837,-10.29,-11.2,88.1,877.2888,139.0826,116.5962,270.5327,269.9465,22.4864,0.5862276,23.07263,95,0
"2021-05-03 07:20:00",118,12.62,2.524,2.359,5.533,20.7,0.57,-10.22,-11.18,88.1,877.3617,153.3864,128.1126,271.3225,270.3923,25.27371,0.9301953,26.2039,95.3,0
"2021-05-03 07:30:00",119,12.67,2.565,2.401,6.124,20.53,0.651,-10.1,-11.14,88.1,877.4672,170.1137,143.4038,271.7277,270.313,26.70994,1.41467,28.12461,95.6,0
"2021-05-03 07:40:00",120,12.71,2.492,2.289,3.987,23.1,0.655,-10.13,-11.18,88,877.5849,172.1906,146.0197,272.2426,270.3387,26.17093,1.903974,28.0749,95.9,0
"2021-05-03 07:50:00",121,12.76,2.667,2.444,8.28,23.42,0.672,-10.01,-11.13,88.1,877.6281,191.5293,162.2868,272.3472,270.1635,29.24244,2.183748,31.42619,95.2,0
"2021-05-03 08:00:00",122,12.8,2.917,2.721,6.959,21.03,0.714,-10.11,-11.25,87.8,877.6107,202.5703,171.9136,272.3936,269.6115,30.65672,2.782018,33.43874,95.6,0
"2021-05-03 08:10:00",123,12.86,2.693,2.517,7.868,20.67,0.674,-9.86,-11.16,88.2,877.5753,226.4704,191.8167,272.6635,269.3148,34.65369,3.348741,38.00243,478,0
"2021-05-03 08:20:00",124,12.89,2.381,2.223,7.062,20.88,0.672,-9.73,-11.1,88.1,877.4854,244.2317,206.6401,273.5894,269.1971,37.59162,4.392263,41.98388,9.82,0
"2021-05-03 08:30:00",125,12.92,2.061,1.893,6.841,23.17,0.638,-9.67,-11.06,88.2,877.2832,264.7903,222.9235,274.5413,268.717,41.86679,5.82424,47.69103,97.2,0
"2021-05-03 08:40:00",126,12.96,2.069,1.957,11.58,18.85,0.563,-9.57,-11.05,88.1,877.215,292.2567,244.6872,274.9224,267.4361,47.56949,7.486305,55.05579,98.5,0
"2021-05-03 08:50:00",127,12.99,2.142,2.016,7.43,19.62,0.594,-9.59,-11.16,88,877.1987,319.7797,267.5313,274.6925,265.2703,52.24828,9.422203,61.67049,94.9,0
"2021-05-03 09:00:00",128,13.02,2.139,2.055,1.837,16.02,0.706,-9.56,-11.1,88.4,877.1683,347.0655,288.1485,273.9456,263.4701,58.91698,10.47554,69.39252,571.8,0
"2021-05-03 09:10:00",129,13.04,2.422,2.334,3.66,15.38,0.486,-10.02,-11.52,87.4,877.0681,362.4774,300.9093,273.0664,261.3453,61.56815,11.7211,73.28925,498.5,0
"2021-05-03 09:20:00",130,13.05,2.769,2.731,0.73,9.4,0.33,-10.12,-11.75,87.6,876.9548,364.3937,306.7858,269.4316,258.2322,57.60792,11.19936,68.80728,497.9,0
"2021-05-03 09:30:00",131,13.06,2.951,2.904,359.4,10.2,0.46,-10.4,-11.98,87.1,876.8489,382.9005,324.0536,268.4228,258.3579,58.84688,10.06484,68.91173,570.1,0
"2021-05-03 09:40:00",132,13.08,2.581,2.51,359.4,13.44,0.359,-10.21,-11.81,87.5,876.7508,417.5463,352.9013,266.0878,258.6319,64.64505,7.455935,72.10099,96.6,0
"2021-05-03 09:50:00",133,13.09,2.161,2.131,1.211,9.64,0.235,-9.93,-11.67,87.8,876.7244,443.674,374.6313,264.2705,258.0093,69.0427,6.261204,75.30391,0,0
"2021-05-03 10:00:00",134,13.09,2.705,2.658,2.713,10.64,0.461,-9.95,-11.66,87.6,876.6838,448.1575,378.8616,259.5715,255.6767,69.29588,3.894849,73.19072,97.3,0
"2021-05-03 10:10:00",135,13.09,3.606,3.523,357.9,12.28,0.594,-10.19,-11.97,87.1,876.5322,454.5596,384.0374,251.4802,255.5353,70.52213,-4.055105,66.46703,494.9,0
"2021-05-03 10:20:00",136,13.1,3.555,3.5,7.196,10.15,0.509,-10.17,-11.94,87.2,876.6105,476.039,401.0542,248.463,257.8829,74.98476,-9.419985,65.56478,96.3,0
"2021-05-03 10:30:00",137,13.11,3.734,3.668,4.967,10.74,0.596,-10.18,-11.91,87.1,876.649,509.5648,427.806,248.6808,258.1512,81.75876,-9.470421,72.28833,96.6,0
"2021-05-03 10:40:00",138,13.13,4.35,4.305,13.71,8.22,0.641,-10.07,-11.93,86.9,876.6622,548.2739,456.512,248.0644,258.0986,91.76194,-10.03417,81.72777,95.3,0
"2021-05-03 10:50:00",139,13.14,4.509,4.486,10.48,5.766,0.601,-10.07,-11.94,87,876.6686,573.837,476.4162,249.6796,259.4767,97.42075,-9.797006,87.62373,95.6,0
"2021-05-03 11:00:00",140,13.14,4.371,4.298,2.269,10.44,0.434,-9.96,-11.93,86.9,876.6194,593.1707,488.8472,248.1843,258.3649,104.3235,-10.18056,94.14297,96,0
"2021-05-03 11:10:00",141,13.15,4.385,4.294,1.388,11.68,0.499,-9.98,-11.95,86.5,876.6282,587.5505,478.6679,245.3883,258.307,108.8826,-12.91869,95.96395,96.9,0
"2021-05-03 11:20:00",142,13.16,4.27,4.244,6.261,6.28,0.408,-9.84,-11.97,86.5,876.5742,626.1335,508.1291,244.7098,258.6848,118.0045,-13.97498,104.0295,96.4,0
"2021-05-03 11:30:00",143,13.17,4.208,4.179,7.252,6.709,0.464,-9.63,-11.87,86.7,876.5945,637.1768,514.837,241.4494,257.9351,122.3398,-16.48564,105.8541,96.1,0
"2021-05-03 11:40:00",144,13.17,4.175,4.137,7.266,7.716,0.379,-9.64,-11.79,86.2,876.5273,669.5988,542.9927,242.8431,258.3608,126.6061,-15.51768,111.0884,96.3,0
"2021-05-03 11:50:00",145,13.17,4.656,4.618,7.595,7.287,0.426,-9.63,-11.89,85.8,876.576,689.1748,559.7719,242.605,257.6858,129.4028,-15.08081,114.322,96,0
"2021-05-03 12:00:00",146,13.15,5.239,5.173,8.63,9.12,0.524,-9.76,-11.91,85.7,876.5527,671.3452,548.7759,245.377,257.9624,122.5693,-12.58542,109.9838,95.6,0
"2021-05-03 12:10:00",147,13.14,5.016,4.886,359.1,13.04,0.461,-9.6,-11.72,85.8,876.4869,699.9554,567.3242,244.3313,259.7592,132.6311,-15.4279,117.2033,95.9,0
"2021-05-03 12:20:00",148,13.12,5.165,5.132,5.132,6.501,0.497,-9.59,-11.41,86.2,876.517,678.8577,555.5208,246.2931,258.2238,123.3368,-11.93071,111.4061,95,0
"2021-05-03 12:30:00",149,13.12,5.523,5.494,3.325,5.832,0.479,-9.69,-11.67,85.8,876.5201,672.4543,547.7847,245.7244,258.7167,124.6697,-12.99234,111.6773,96.1,0
"2021-05-03 12:40:00",150,13.14,5.599,5.581,4.025,4.507,0.516,-9.52,-11.74,85.9,876.5541,682.0289,553.7841,245.2614,259.5104,128.2449,-14.24903,113.9959,96.2,0
"2021-05-03 12:50:00",151,13.14,5.716,5.675,5.136,6.895,0.525,-9.57,-11.61,85.7,876.4794,706.6944,574.6763,245.8475,259.7941,132.0181,-13.94662,118.0715,96.8,0
"2021-05-03 13:00:00",152,13.17,5.798,5.764,4.761,6.227,0.46,-9.6,-11.96,85.2,876.3574,692.2781,558.6217,239.2565,259.6561,133.6564,-20.3996,113.2568,96.1,0
"2021-05-03 13:10:00",153,13.16,5.541,5.45,355.5,10.37,0.506,-9.52,-11.86,84.7,876.3319,710.4523,579.0509,245.2189,260.2389,131.4014,-15.01994,116.3814,95.2,0
"2021-05-03 13:20:00",154,13.15,5.263,5.166,354.9,11.02,0.444,-9.48,-11.75,85.1,876.3204,666.1639,548.7916,249.5709,260.4183,117.3723,-10.84749,106.5248,95,0
"2021-05-03 13:30:00",155,13.14,5.166,5.031,352.9,13.08,0.537,-9.53,-11.82,84.9,876.2982,654.2223,542.244,249.9594,259.8224,111.9783,-9.862894,102.1154,95,0
"2021-05-03 13:40:00",156,13.13,5.129,5.077,351.8,8.17,0.59,-9.54,-11.66,85.2,876.2883,607.9841,507.9805,252.0661,260.7505,100.0037,-8.68445,91.3192,95.5,0
"2021-05-03 13:50:00",157,13.13,5.097,5.053,348.6,7.513,0.558,-9.46,-11.63,85.2,876.2146,605.304,504.9892,253.0307,261.8713,100.3148,-8.840635,91.4742,95.5,0
"2021-05-03 14:00:00",158,13.13,5.432,5.379,348.9,7.969,0.538,-9.42,-11.57,85.6,876.0892,589.9568,494.5498,254.4807,262.2145,95.40704,-7.733845,87.6732,95.8,0
"2021-05-03 14:10:00",159,13.13,5.276,5.243,342.3,6.361,0.581,-9.34,-11.48,85.7,876.1476,599.7917,502.0607,255.8498,263.7376,97.73102,-7.887781,89.84324,95.3,0
"2021-05-03 14:20:00",160,13.13,5.386,5.353,345.8,6.379,0.458,-9.39,-11.58,85.5,875.9749,583.2062,486.7575,255.922,263.7861,96.44875,-7.864092,88.58466,95.7,0
"2021-05-03 14:30:00",161,13.14,5.577,5.509,344.4,8.98,0.418,-9.3,-11.62,85.7,875.9476,618.1058,512.0493,256.1632,265.0936,106.0566,-8.930405,97.12616,96.4,0
"2021-05-03 14:40:00",162,13.13,5.341,5.318,343.6,5.248,0.427,-9.31,-11.4,85.7,875.9118,588.4608,489.2247,256.5697,265.3612,99.23613,-8.791464,90.44467,95.9,0
"2021-05-03 14:50:00",163,13.13,5.342,5.318,343.2,5.384,0.463,-9.12,-11.34,85.8,875.8184,593.5037,492.4315,256.9096,265.6128,101.0722,-8.70319,92.36902,94.4,0
"2021-05-03 15:00:00",164,13.13,5.614,5.598,337.9,4.401,0.419,-9.19,-11.37,85.7,875.8131,589.175,488.2238,255.9525,265.3369,100.9513,-9.384401,91.56692,93.8,0
"2021-05-03 15:10:00",165,13.13,5.372,5.353,338.4,4.829,0.387,-9.24,-11.4,85.6,875.6708,569.546,472.7932,256.6513,265.9305,96.75278,-9.279133,87.47364,94.2,0
"2021-05-03 15:20:00",166,13.12,5.757,5.741,340,4.342,0.415,-9.21,-11.25,86.2,875.6564,555.9824,462.315,258.1006,266.4735,93.6674,-8.372883,85.29452,94,0
"2021-05-03 15:30:00",167,13.12,5.777,5.752,340.2,5.324,0.53,-9.15,-11.13,86.2,875.6583,542.4285,451.0237,258.7513,267.2827,91.40479,-8.531389,82.8734,94,0
"2021-05-03 15:40:00",168,13.12,5.399,5.382,345.3,4.635,0.461,-9.07,-11.01,86.2,875.665,528.7887,440.2273,259.9451,267.8812,88.56139,-7.936097,80.62529,94,0
"2021-05-03 15:50:00",169,13.11,5.147,5.088,346.3,8.7,0.472,-8.94,-10.76,86.8,875.6434,499.8974,418.9793,261.2868,268.0008,80.91811,-6.714038,74.20407,94.1,0
"2021-05-03 16:00:00",170,13.1,5.56,5.486,351.2,9.28,0.418,-9.04,-10.73,86.7,875.6326,469.5941,393.6005,260.653,267.5424,75.99359,-6.889482,69.10411,94.1,0
"2021-05-03 16:10:00",171,13.11,5.719,5.595,352.7,11.94,0.442,-8.96,-10.7,86.7,875.5759,469.3993,389.4129,259.5718,268.0403,79.98644,-8.468474,71.51797,94.1,0
"2021-05-03 16:20:00",172,13.1,5.963,5.855,355.9,10.91,0.622,-9.02,-10.63,87,875.5455,464.4784,382.0902,259.0246,268.3073,82.38821,-9.282773,73.10543,94.2,0
"2021-05-03 16:30:00",173,13.09,5.877,5.803,354.8,9.07,0.455,-9.11,-10.67,87,875.5363,425.2046,349.8498,259.3829,268.2579,75.35474,-8.875015,66.47973,94.2,0
"2021-05-03 16:40:00",174,13.09,6.093,6.016,348.5,9.13,0.507,-9.03,-10.62,87.1,875.5004,426.7218,352.0322,259.7141,268.7078,74.68954,-8.993771,65.69576,93.8,0
"2021-05-03 16:50:00",175,13.08,6.227,6.212,348.1,3.921,0.562,-9.16,-10.67,87.1,875.5302,400.9221,330.0033,260.2012,269.4347,70.91879,-9.233445,61.68534,93.6,0
"2021-05-03 17:00:00",176,13.08,6.128,6.087,343.6,6.648,0.588,-9.15,-10.67,87.2,875.4704,386.0702,318.4965,261.3438,270.0182,67.57365,-8.674335,58.89931,93,0
"2021-05-03 17:10:00",177,13.08,5.855,5.834,340.1,4.795,0.603,-9.2,-10.73,87.1,875.4431,387.5514,316.4895,260.445,270.4422,71.06186,-9.997169,61.06468,93.3,0
"2021-05-03 17:20:00",178,13.08,5.881,5.854,340.3,5.493,0.541,-9.11,-10.6,87.4,875.4385,375.5201,306.6201,261.6422,270.8237,68.89993,-9.181559,59.71837,93,0
"2021-05-03 17:30:00",179,13.07,5.749,5.729,343.2,4.773,0.52,-9.04,-10.45,87.7,875.3796,337.2118,276.8155,262.8662,271.2464,60.39625,-8.380099,52.01616,93.8,0
"2021-05-03 17:40:00",180,13.06,6.062,6.037,345.3,5.244,0.619,-9,-10.38,88,875.3715,326.6261,264.2921,260.3507,271.481,62.33398,-11.13033,51.20364,91.1,0
"2021-05-03 17:50:00",181,13.06,6.06,6.027,347.2,5.959,0.6,-9.08,-10.39,87.8,875.3526,297.3143,238.3373,252.7851,271.0348,58.97702,-18.24975,40.72728,92.2,0
"2021-05-03 18:00:00",182,13.05,5.676,5.559,354.8,11.6,0.564,-9.02,-10.26,88.1,875.3837,286.6624,229.0434,249.4608,270.6941,57.6191,-21.23332,36.38578,92.9,0
"2021-05-03 18:10:00",183,12.98,5.246,5.229,347.9,4.662,0.493,-8.97,-9.85,88.5,875.3485,269.9414,216.987,259.6721,271.9851,52.9544,-12.31297,40.64142,93.7,0
"2021-05-03 18:20:00",184,12.94,5.002,4.977,350.8,5.712,0.356,-8.93,-9.66,88.9,875.3121,231.6251,187.2303,262.3568,272.4561,44.39474,-10.09923,34.29551,93.1,0
"2021-05-03 18:30:00",185,12.91,5.619,5.497,350.8,11.93,0.49,-8.93,-9.65,88.8,875.2547,213.4455,171.9048,259.8708,272.5614,41.54071,-12.69061,28.8501,92.7,0
"2021-05-03 18:40:00",186,12.9,5.341,5.288,347.9,8.03,0.484,-8.83,-9.51,89,875.1852,207.2361,169.0862,266.078,273.6925,38.14989,-7.614479,30.53541,92.6,0
"2021-05-03 18:50:00",187,12.87,5.456,5.342,356.4,11.73,0.65,-8.97,-9.51,89.1,875.1858,178.8505,146.8578,264.8373,273.1677,31.99271,-8.330471,23.66224,92.3,0
"2021-05-03 19:00:00",188,12.85,5.713,5.599,356.9,11.42,0.564,-8.91,-9.45,89.3,875.1883,155.3445,128.9451,268.0088,273.8423,26.39938,-5.833574,20.56581,93.1,0
"2021-05-03 19:10:00",189,12.88,6.091,5.913,355.2,13.87,0.48,-8.85,-9.67,89.1,875.1812,134.6899,112.5605,269.3503,274.3548,22.12933,-5.004514,17.12481,92.9,0
"2021-05-03 19:20:00",190,12.88,5.321,5.292,340.5,6.033,0.547,-8.94,-9.72,88.9,875.1819,116.0606,97.81925,270.3701,274.9292,18.24139,-4.559147,13.68224,92.6,0
"2021-05-03 19:30:00",191,12.88,5.145,5.121,338.7,5.484,0.487,-9.04,-9.83,89,875.2148,113.2752,95.28931,269.6682,274.3681,17.98592,-4.699879,13.28604,92.2,0
"2021-05-03 19:40:00",192,12.87,5.072,5.057,342.8,4.327,0.394,-9.03,-9.77,89.1,875.2189,96.33144,81.24439,270.3193,274.4225,15.08705,-4.103199,10.98385,0,0
"2021-05-03 19:50:00",193,12.85,5.457,5.346,358.8,11.54,0.665,-9.09,-9.72,89.1,875.2429,75.70751,64.13266,271.2622,274.7904,11.57485,-3.52816,8.046689,91.4,0
"2021-05-03 20:00:00",194,12.84,6.786,6.701,5.864,9.07,0.539,-9.19,-9.79,89.1,875.2063,74.27903,62.45351,270.5376,274.7716,11.82551,-4.234023,7.591486,92.4,0
"2021-05-03 20:10:00",195,12.83,6.977,6.958,10.11,4.222,0.729,-9.34,-9.97,89,875.1049,66.73116,55.88999,270.4357,274.4445,10.84117,-4.008818,6.832348,92.9,0
"2021-05-03 20:20:00",196,12.81,7.179,7.14,7.418,5.947,0.627,-9.46,-10.06,88.9,875.1116,53.10524,44.69529,269.8884,274.2108,8.409954,-4.322412,4.087543,93,0
"2021-05-03 20:30:00",197,12.8,6.829,6.713,2.968,10.56,0.6,-9.56,-10.12,88.8,875.0965,49.44753,41.28578,269.1849,273.9625,8.161748,-4.777663,3.384085,93.1,0
"2021-05-03 20:40:00",198,12.79,6.905,6.698,0.091,14.03,0.491,-9.66,-10.21,88.9,875.0797,37.61727,31.51622,268.4821,273.5334,6.101046,-5.051312,1.049734,93.3,0
"2021-05-03 20:50:00",199,12.77,6.578,6.428,359.9,12.22,0.637,-9.74,-10.26,88.8,875.1539,29.47176,24.68431,268.2648,273.0765,4.787451,-4.811672,-0.0242207,93.5,0
"2021-05-03 21:00:00",200,12.76,5.751,5.502,356.9,16.85,0.461,-9.74,-10.24,88.9,875.1749,23.76523,19.92928,268.4797,272.9792,3.835954,-4.499488,-0.6635339,93.5,0
"2021-05-03 21:10:00",201,12.75,6.16,6.042,356.3,11.25,0.435,-9.77,-10.31,88.9,875.1184,17.32858,14.60153,269.3271,272.8691,2.727041,-3.541999,-0.8149579,93.6,0
"2021-05-03 21:20:00",202,12.74,5.673,5.479,358,14.96,0.479,-9.75,-10.24,88.8,875.1172,11.15153,9.556553,270.8362,272.9495,1.594978,-2.113312,-0.518335,93.3,0
"2021-05-03 21:30:00",203,12.73,5.166,5.049,359,12.19,0.465,-9.74,-10.26,88.8,875.0745,8.815917,7.46428,271.3702,272.9168,1.351637,-1.54663,-0.1949932,93.7,0
"2021-05-03 21:40:00",204,12.72,5.151,5.027,358.2,12.55,0.414,-9.66,-10.16,89,875.1111,5.226167,4.729591,271.792,273.3484,0.4965762,-1.556343,-1.059767,93.4,0
"2021-05-03 21:50:00",205,12.71,5.375,5.306,352.6,9.22,0.498,-9.68,-10.16,88.9,875.0709,3.658935,3.267728,271.9839,273.206,0.3912069,-1.222072,-0.8308648,93.5,0
"2021-05-03 22:00:00",206,12.71,5.017,4.988,5.784,6.199,0.451,-9.67,-10.15,89,875.0006,2.281839,2.025072,272.5412,273.2703,0.2567675,-0.7291374,-0.4723698,93.5,0
"2021-05-03 22:10:00",207,12.7,5.409,5.394,7.538,4.306,0.48,-9.7,-10.17,88.8,874.9979,1.205112,1.166354,272.4879,273.2146,0.03875736,-0.7267151,-0.6879577,93.6,0
"2021-05-03 22:20:00",208,12.7,5.311,5.266,6.175,7.445,0.493,-9.7,-10.22,88.9,875.0114,0.7267004,0.7267004,272.3791,273.1058,0,-0.7267151,-0.7267151,93.6,0
"2021-05-03 22:30:00",209,12.69,4.877,4.822,4.563,8.58,0.498,-9.67,-10.15,88.9,874.9816,0.3064253,0.6927877,272.4617,273.1884,-0.3863624,-0.7267151,-1.113077,93.6,0
"2021-05-03 22:40:00",210,12.69,4.65,4.573,2.477,10.44,0.416,-9.69,-10.15,88.9,874.9261,0,0.04965786,272.506,273.2327,-0.04965786,-0.7267151,-0.7763729,93.7,0
"2021-05-03 22:50:00",211,12.69,4.947,4.932,13.67,4.448,0.401,-9.72,-10.21,88.8,874.887,0,0,272.4006,273.1273,0,-0.7267151,-0.7267151,93.7,0
"2021-05-03 23:00:00",212,12.68,4.901,4.887,25.91,4.42,0.459,-9.94,-10.4,88.6,874.9708,0,0.003633502,271.743,272.4697,-0.003633502,-0.7267151,-0.7303486,93.7,0
"2021-05-03 23:10:00",213,12.68,4.879,4.87,26.96,3.58,0.401,-10.14,-10.57,88.4,875.0398,0,0,271.2263,271.9518,0,-0.7255039,-0.7255039,94,0
"2021-05-03 23:20:00",214,12.67,5.079,5.067,28.44,3.996,0.581,-10.38,-10.86,88.4,875.0952,-0.01090051,0,269.7424,270.4679,-0.01090051,-0.7255039,-0.7364044,94.3,0
"2021-05-03 23:30:00",215,12.67,4.747,4.734,30.01,4.225,0.445,-10.47,-10.92,88.4,875.0506,0,0,269.3934,270.1201,0,-0.7267151,-0.7267151,94.8,0
"2021-05-03 23:40:00",216,12.67,4.516,4.504,31.91,4.176,0.389,-10.5,-10.98,88.3,875.1047,0,0,269.1593,269.886,0,-0.7267151,-0.7267151,95,0
"2021-05-03 23:50:00",217,12.67,4.463,4.446,31.43,4.901,0.505,-10.51,-10.99,88.3,875.0871,0,0,269.1069,269.8264,0,-0.7194492,-0.7194492,94.3,0
"2021-05-04 00:00:00",218,12.66,4.275,4.267,26.77,3.483,0.384,-10.6,-11.05,88.2,875.0608,0,0,268.8547,269.5814,0,-0.7267566,-0.7267566,94.2,0
"2021-05-04 00:10:00",219,12.61,3.823,3.815,22.69,3.802,0.381,-10.59,-10.78,88.5,875.09,0,0,268.7696,269.4916,0,-0.7219549,-0.7219549,94.6,0
"2021-05-04 00:20:00",220,12.6,3.826,3.82,25.11,3.238,0.329,-10.61,-10.84,88.5,875.1002,0,0,268.7485,269.4753,0,-0.7268066,-0.7268066,94.6,0
"2021-05-04 00:30:00",221,12.59,3.558,3.542,25.54,5.424,0.376,-10.63,-10.84,88.5,875.1072,0,0,268.6166,269.3385,0,-0.7219523,-0.7219523,94.7,0
"2021-05-04 00:40:00",222,12.59,3.518,3.498,26.64,6.091,0.299,-10.71,-10.9,88.4,875.0955,0,0,268.4289,269.1557,0,-0.726795,-0.726795,95,0
"2021-05-04 00:50:00",223,12.59,3.462,3.455,35.73,3.617,0.457,-10.77,-10.97,88.4,875.1104,0,0,268.1232,268.8501,0,-0.726817,-0.726817,95.5,0
"2021-05-04 01:00:00",224,12.6,3.06,3.04,30.98,6.593,0.381,-10.73,-10.93,88.5,875.2028,0,0,268.0585,268.7853,0,-0.7268066,-0.7268066,95.3,0
"2021-05-04 01:10:00",225,12.63,2.607,2.587,27.95,7.015,0.323,-10.76,-11.24,88.2,875.189,0,0,268.0232,268.7451,0,-0.7219613,-0.7219613,95.3,0
"2021-05-04 01:20:00",226,12.63,2.201,2.187,26.1,6.457,0.422,-10.78,-11.25,88,875.1897,0,0,267.9886,268.7106,0,-0.7219613,-0.7219613,94.8,0