       0 KPC_L      79.9111     -24.0857
       1 KPC_U      79.8339     -25.1704
       2 SCO_L      72.2277     -26.8168
       3 SCO_U      72.3943     -27.2575
       4 MIT      65.6924     -37.8264
       5 TAS_L      65.6410     -38.8983
       6 TAS_U      65.6996     -38.8666
       7 TAS_A      65.7810     -38.9033
       8 QAS_L      61.0312     -46.8485
       9 QAS_U      61.1776     -46.8174
      10 QAS_A      61.2446     -46.7335
      11 NUK_L      64.4822     -49.5352
      12 NUK_U      64.4965     -49.2706
      13 NUK_N      64.9457     -49.8841
      14 KAN_B      67.1251     -50.1832
      15 KAN_L      67.0966     -49.9384
      16 KAN_M      67.0661     -48.8226
      17 KAN_U      67.0002     -47.0194
      18 UPE_L      72.8932     -54.2952
      19 UPE_U      72.8904     -53.5472
      20 THU_L      76.3998     -68.2654
      21 THU_U      76.4197     -68.1451
      22 EGP      75.6240     -35.9750