   1.0000000e+00  -4.5127359e+01   6.8956182e-01
   2.0000000e+00  -2.9336880e-01   9.3933137e-01
   3.0000000e+00  -3.3356528e+00   5.9556504e-01
   4.0000000e+00  -4.7316367e+00   1.0631602e+00
   5.0000000e+00  -1.8606505e+01   8.9305085e-01
   6.0000000e+00  -2.0874953e+01   6.1927383e-01
   7.0000000e+00  -1.8479907e+01   8.3804720e-01
   8.0000000e+00  -3.0721769e+01   8.0911202e-01
   9.0000000e+00  -5.7460038e+01   9.6447276e-01
   1.0000000e+01  -6.2003053e+01   8.9239038e-01
   1.1000000e+01  -4.9266071e+01   8.6815936e-01
   1.2000000e+01  -2.8895144e+01   6.9166997e-01
   1.3000000e+01  -2.1161729e+01   7.4241612e-01
   1.4000000e+01  -5.1815820e+01   6.7961096e-01
   1.5000000e+01  -4.8670233e+01   5.2291289e-01
   1.6000000e+01  -5.4847120e+01   7.4914011e-01
   1.7000000e+01  -3.4111114e+01   6.2305641e-01
   1.8000000e+01  -1.0670566e+01   9.0248493e-01
   1.9000000e+01  -4.1952402e+01   8.0916642e-01
   2.0000000e+01  -2.3358055e+01   8.3861526e-01
   2.1000000e+01   2.8273460e-01   1.0722366e+00
   2.2000000e+01  -3.1887310e-01   1.0684109e+00
   2.3000000e+01  -4.7472840e-01   1.0792980e+00
   2.4000000e+01  -8.6565620e+00   9.6119824e-01
   2.5000000e+01   2.2990606e+01   3.5966933e-01
   2.6000000e+01  -1.4973653e+01   7.5842707e-01
   2.7000000e+01  -3.0482238e+01   8.7079391e-01
   2.8000000e+01  -2.9550918e+01   8.3962805e-01
   2.9000000e+01  -2.4735439e+01   8.2101674e-01
   3.0000000e+01  -4.4171299e+01   7.9090987e-01
   3.1000000e+01  -4.2996395e+01   5.8811696e-01
   3.2000000e+01  -3.9602662e+01   7.8155191e-01
   3.3000000e+01  -3.1155405e+01   6.9714872e-01
   3.4000000e+01  -2.9613165e+01   5.4311278e-01
   3.5000000e+01  -2.5374558e+01   6.8743060e-01
   3.6000000e+01  -4.1502590e+01   6.3224023e-01
   3.7000000e+01  -1.4877890e+01   6.2618995e-01
   3.8000000e+01  -4.0375623e+01   7.7744555e-01
   3.9000000e+01  -5.2658525e+01   7.9471762e-01
   4.0000000e+01  -3.7075068e+01   8.0113397e-01
   4.1000000e+01  -5.5486749e+01   5.4852008e-01
   4.2000000e+01  -3.3552523e+01   6.4133191e-01
   4.3000000e+01  -4.1263780e+01   5.4354697e-01
   4.4000000e+01  -3.6517703e+01   6.4991820e-01
   4.5000000e+01  -3.6591329e+01   5.0899076e-01
   4.6000000e+01  -4.4800074e+01   5.2567082e-01
   4.7000000e+01  -3.9178868e+01   4.5138758e-01
   4.8000000e+01  -9.5424850e+00   6.2256950e-01
   4.9000000e+01  -1.8683434e+01   7.3886939e-01
   5.0000000e+01  -2.7869019e+01   8.1264627e-01
   5.1000000e+01  -2.3815891e+01   8.1688569e-01
   5.2000000e+01  -7.1544870e+00   7.0476392e-01
   5.3000000e+01  -1.1797492e+01   8.7325068e-01
   5.4000000e+01  -1.3085933e+01   8.6028115e-01
   5.5000000e+01   3.1148700e+00   9.5328186e-01
   5.6000000e+01  -8.6924610e+00   6.8173177e-01
   5.7000000e+01  -3.7655944e+01   8.1072621e-01
   5.8000000e+01  -3.1740447e+01   6.6637908e-01
   5.9000000e+01  -4.6754564e+01   6.6108310e-01
   6.0000000e+01  -2.8503648e+01   7.5240996e-01
   6.1000000e+01  -2.7654247e+01   6.4909874e-01
   6.2000000e+01  -2.3943913e+01   6.6722189e-01
   6.3000000e+01  -9.1720140e+00   8.7302185e-01
   6.4000000e+01  -1.7030244e+01   7.0939356e-01
   6.5000000e+01  -3.7591885e+01   8.2924022e-01
   6.6000000e+01  -1.1941892e+01   8.7907019e-01
   6.7000000e+01  -3.5498002e+01   7.0862174e-01
   6.8000000e+01  -4.3603072e+01   8.6371534e-01
   6.9000000e+01  -3.7900865e+01   6.9627994e-01
   7.0000000e+01  -2.9653192e+01   8.6107928e-01
   7.1000000e+01  -2.0140854e+01   7.0773960e-01
   7.2000000e+01  -6.9765260e+00   7.8978563e-01
   7.3000000e+01  -8.3797290e+00   6.7365338e-01
   7.4000000e+01  -1.1376432e+01   9.1867942e-01
   7.5000000e+01  -5.5229600e+00   9.2520782e-01
   7.6000000e+01   3.0251840e+01   7.5387463e-01
   7.7000000e+01  -1.6868398e+01   8.7545842e-01
   7.8000000e+01  -1.4150200e+00   7.5868864e-01
   7.9000000e+01  -1.9165150e+01   7.6699265e-01
   8.0000000e+01  -2.0456223e+01   8.1553272e-01
   8.1000000e+01  -1.8750530e+01   7.0682740e-01
   8.2000000e+01   8.1001500e+00   7.6498328e-01
   8.3000000e+01  -8.0144620e+00   7.5456542e-01
   8.4000000e+01  -7.8020810e+00   6.6523262e-01
   8.5000000e+01  -5.8549600e-01   7.1352973e-01
   8.6000000e+01   1.3974800e+01   6.2404978e-01
   8.7000000e+01  -1.2952900e+00   5.3749375e-01
   8.8000000e+01   3.5842390e+00   5.6584097e-01
   8.9000000e+01   3.8852479e+01   3.8289329e-01
   9.0000000e+01   4.9801867e+01   3.5987912e-01
   9.1000000e+01   3.2741455e+01   3.6057569e-01
   9.2000000e+01   1.5286053e+01   8.1804960e-01
   9.3000000e+01   3.8157840e+01   7.0543096e-01
   9.4000000e+01  -1.3743710e+01   7.3391645e-01
   9.5000000e+01   1.7068281e+01   6.5360183e-01
   9.6000000e+01   3.2267197e+01   5.4090511e-01
   9.7000000e+01   6.0334839e+01   3.5513075e-01
   9.8000000e+01   5.6275205e+01   2.0126848e-01
   9.9000000e+01   8.0785055e+01   2.6624848e-01
   1.0000000e+02   9.1748880e+00   8.5346456e-01
   1.0100000e+02   8.0738400e+00   8.8237414e-01
   1.0200000e+02   6.8080500e+00   8.6538186e-01
   1.0300000e+02   1.8680910e+01   8.6613914e-01
   1.0400000e+02   1.0457180e+01   7.5636636e-01
   1.0500000e+02  -3.7347600e+00   8.0894959e-01
   1.0600000e+02  -4.2202800e+00   8.3045579e-01
   1.0700000e+02  -5.4083100e+00   7.3386663e-01
   1.0800000e+02   1.5933640e+01   8.2914975e-01
   1.0900000e+02   1.7235320e+01   8.9051125e-01
   1.1000000e+02   1.6162200e+01   8.4624384e-01
   1.1100000e+02   1.3677440e+01   8.6993193e-01
   1.1200000e+02   1.1998280e+01   8.8795575e-01
   1.1300000e+02   1.3875360e+01   8.5513652e-01
   1.1400000e+02   1.9748260e+01   8.0217302e-01
   1.1500000e+02   1.0808990e+01   7.8511243e-01
   1.1600000e+02   1.0505600e+01   8.2954861e-01
   1.1700000e+02   1.3653000e-01   7.3839290e-01
   1.1800000e+02   1.8285170e+01   7.2046888e-01
   1.1900000e+02   6.2028720e+00   7.7654832e-01
   1.2000000e+02   2.4182480e+01   7.9575551e-01
   1.2100000e+02   3.4095440e+01   6.3667356e-01
   1.2200000e+02   4.4531230e+01   5.3125928e-01
   1.2300000e+02   7.0923730e+01   5.3638824e-01
   1.2400000e+02   1.7941400e+01   7.8845550e-01
   1.2500000e+02   6.2765700e+00   7.2985016e-01
   1.2600000e+02   9.7260300e+00   8.5765870e-01
   1.2700000e+02   2.5497070e+01   8.1178756e-01
   1.2800000e+02   2.2429850e+01   7.9357143e-01
   1.2900000e+02   3.0230680e+01   8.4890682e-01
   1.3000000e+02   3.8155810e+01   8.1416684e-01
   1.3100000e+02   2.3057230e+01   7.1474864e-01
   1.3200000e+02   6.5867470e+01   5.8313158e-01
   1.3300000e+02   6.0085880e+01   5.9026176e-01
   1.3400000e+02   1.6837817e+01   7.9416679e-01
   1.3500000e+02   1.8359770e+01   8.6884437e-01
   1.3600000e+02   2.0846460e+01   8.4343907e-01
   1.3700000e+02   1.4090630e+01   8.0235068e-01
   1.3800000e+02   1.8995090e+01   7.4532602e-01
   1.3900000e+02   2.3768470e+01   7.3556475e-01
   1.4000000e+02   2.9268870e+01   7.0516656e-01
   1.4100000e+02   4.0368700e+01   6.9197384e-01
   1.4200000e+02   5.8005090e+01   6.9448081e-01
   1.4300000e+02   3.7637970e+01   6.2923103e-01
   1.4400000e+02   1.6457322e+02   2.8276406e-01
   1.4500000e+02   8.8191814e+01   4.4775462e-01
   1.4600000e+02   1.6345428e+02   3.5362426e-01
   1.4700000e+02   2.0015874e+02   2.1442385e-01
   1.4800000e+02   2.0753468e+02   1.3140071e-01
   1.4900000e+02   2.3185403e+02   1.1457506e-01
   1.5000000e+02   2.3750696e+02   1.2030317e-01
   1.5100000e+02   2.3479343e+02   1.4252393e-01
   1.5200000e+02   2.3479546e+02   1.4025011e-01
   1.5300000e+02   2.3388608e+02   1.1104741e-01
   1.5400000e+02   2.4265518e+02   9.6284330e-02
   1.5500000e+02   2.5091987e+02   6.4463571e-02
   1.5600000e+02   1.2830527e+02   8.8925730e-02
   1.5700000e+02   5.6890470e+01   6.9976062e-01
   1.5800000e+02   3.3094930e+01   8.3160790e-01
   1.5900000e+02   2.7260810e+01   8.0560720e-01
   1.6000000e+02   5.4724060e+01   7.2261249e-01
   1.6100000e+02   1.2735271e+02   4.5864711e-01
   1.6200000e+02   1.9577786e+02   2.3721251e-01
   1.6300000e+02   2.5738093e+02   1.2493342e-01
   1.6400000e+02   1.9712841e+02   8.8813589e-02
   1.6500000e+02   1.5142336e+02   1.0216830e-01
   1.6600000e+02   1.4042252e+02   8.4158069e-02
   1.6700000e+02   1.3446731e+02   1.6585714e-01
   1.6800000e+02   1.4271075e+02   3.4403005e-01
   1.6900000e+02   1.1214142e+02   1.8182116e-01
   1.7000000e+02   1.7283501e+02   1.0314396e-01
   1.7100000e+02   1.7007034e+02   8.2131745e-02
   1.7200000e+02   2.7232915e+02   7.5190631e-02
   1.7300000e+02   2.3336816e+02   7.0484196e-02
   1.7400000e+02   2.8570905e+02   6.3690342e-02
   1.7500000e+02   2.7355367e+02   6.7257522e-02
   1.7600000e+02   2.5152802e+02   5.5439829e-02
   1.7700000e+02   1.0060236e+02   4.4438651e-02
   1.7800000e+02   1.6539314e+02   5.9584926e-02
   1.7900000e+02   1.8856901e+02   6.2159351e-02
   1.8000000e+02   1.9954965e+02   6.9768437e-02
   1.8100000e+02   1.3360778e+02   7.0335680e-02
   1.8200000e+02   1.1640463e+02   8.1765506e-02
   1.8300000e+02   2.7238476e+02   7.9639540e-02
   1.8400000e+02   2.4305492e+02   6.8750731e-02
   1.8500000e+02   2.0840091e+02   7.6940024e-02
   1.8600000e+02   2.2225630e+02   7.1111095e-02
   1.8700000e+02   2.6967687e+02   8.6005468e-02
   1.8800000e+02   1.9184331e+02   6.2832538e-02
   1.8900000e+02   1.9514523e+02   5.6690224e-02
   1.9000000e+02   1.7821487e+02   6.8493681e-02
   1.9100000e+02   1.2033608e+02   7.2277747e-02
   1.9200000e+02   9.6508108e+01   1.9311096e-01
   1.9300000e+02   2.1314661e+02   1.0524406e-01
   1.9400000e+02   2.4416190e+02   9.3313577e-02
   1.9500000e+02   1.8055726e+02   6.7841658e-02
   1.9600000e+02   2.2266647e+02   9.0475078e-02
   1.9700000e+02   7.6443642e+01   7.4452805e-02
   1.9800000e+02   2.3565685e+02   9.3292954e-02
   1.9900000e+02   2.2345256e+02   7.6328965e-02
   2.0000000e+02   1.5371104e+02   7.1759345e-02
   2.0100000e+02   1.3429161e+02   7.7692706e-02
   2.0200000e+02   1.8641465e+02   7.7733067e-02
   2.0300000e+02   1.6705959e+02   7.9538458e-02
   2.0400000e+02   1.8483576e+02   7.5141030e-02
   2.0500000e+02   7.1120565e+01   7.2666534e-02
   2.0600000e+02   1.0089286e+02   7.1100936e-02
   2.0700000e+02   1.9635994e+02   1.0801531e-01
   2.0800000e+02   9.0099622e+01   6.8582236e-02
   2.0900000e+02   1.4010901e+02   5.9798299e-02
   2.1000000e+02   2.1902958e+02   1.0677607e-01
   2.1100000e+02   2.1381838e+02   1.0155918e-01
   2.1200000e+02   1.6714732e+02   9.9603262e-02
   2.1300000e+02   1.3899246e+02   7.5778011e-02
   2.1400000e+02   2.1105579e+02   8.8913501e-02
   2.1500000e+02   2.2691762e+02   9.6229146e-02
   2.1600000e+02   2.2818560e+02   7.6236792e-02
   2.1700000e+02   1.6051397e+02   6.6353561e-02
   2.1800000e+02   2.1320969e+02   9.6544010e-02
   2.1900000e+02   1.9766115e+02   8.0413577e-02
   2.2000000e+02   2.0965751e+02   8.5364175e-02
   2.2100000e+02   1.5576073e+02   6.2862634e-02
   2.2200000e+02   2.1126632e+02   7.3440507e-02
   2.2300000e+02   1.9049216e+02   7.8606651e-02
   2.2400000e+02   4.8841694e+01   1.1872385e-01
   2.2500000e+02   1.0123900e+02   1.0336756e-01
   2.2600000e+02   1.2716245e+02   1.1610022e-01
   2.2700000e+02   3.4660195e+01   8.7537217e-02
   2.2800000e+02   1.5058224e+02   8.4416991e-02
   2.2900000e+02   1.4880189e+02   1.1226670e-01
   2.3000000e+02   7.3077010e+01   8.6003027e-02
   2.3100000e+02   3.6991440e+01   9.7679065e-02
   2.3200000e+02   5.8566428e+01   7.9425119e-02
   2.3300000e+02   6.7385355e+01   7.9289253e-02
   2.3400000e+02   6.3434767e+01   8.4750916e-02
   2.3500000e+02   6.7441500e+01   1.0300041e-01
   2.3600000e+02   1.1526411e+02   1.0686564e-01
   2.3700000e+02   7.2825907e+01   9.0689792e-02
   2.3800000e+02   5.8730117e+01   3.9936527e-01
   2.3900000e+02   6.0931710e+01   5.7819798e-01
   2.4000000e+02   2.3885647e+01   7.2761380e-01
   2.4100000e+02   2.3356780e+01   7.3563402e-01
   2.4200000e+02   3.2625150e+01   6.6195375e-01
   2.4300000e+02   4.8190490e+01   4.7036780e-01
   2.4400000e+02   4.6880786e+01   1.4475285e-01
   2.4500000e+02   6.6766316e+01   8.6056275e-02
   2.4600000e+02   1.0114077e+02   1.0883888e-01
   2.4700000e+02   2.7929043e+01   8.9640249e-02
   2.4800000e+02   3.8337094e+01   1.2122920e-01
   2.4900000e+02   4.4817053e+01   1.1367121e-01
   2.5000000e+02   8.9263904e+01   1.6398600e-01
   2.5100000e+02   6.9251345e+01   2.0740932e-01
   2.5200000e+02   5.8171966e+01   2.0822607e-01
   2.5300000e+02   1.3027145e+01   8.0081963e-01
   2.5400000e+02   3.4766360e+00   9.0676795e-01
   2.5500000e+02   7.1749000e-01   7.8992361e-01
   2.5600000e+02  -2.3719000e-01   7.0458762e-01
   2.5700000e+02   2.7031824e+01   5.8607153e-01
   2.5800000e+02   1.7447350e+01   7.1166114e-01
   2.5900000e+02   1.8087186e+01   7.5312982e-01
   2.6000000e+02   9.1943770e+00   7.9617626e-01
   2.6100000e+02   8.2997650e+00   8.3731597e-01
   2.6200000e+02   8.5617850e+00   7.7931960e-01
   2.6300000e+02   5.6731270e+00   7.8087829e-01
   2.6400000e+02  -8.7937300e+00   6.8045675e-01
   2.6500000e+02  -7.5916050e+00   6.7929378e-01
   2.6600000e+02   6.9242469e+01   2.1925252e-01
   2.6700000e+02   6.9628329e+01   1.7302935e-01
   2.6800000e+02   3.7548020e+01   1.1061173e-01
   2.6900000e+02   2.6143297e+01   4.9365141e-01
   2.7000000e+02   5.8854506e+01   2.6264974e-01
   2.7100000e+02   4.4759250e+00   9.2760358e-01
   2.7200000e+02   3.5737500e+00   9.3846162e-01
   2.7300000e+02  -4.4021290e+00   7.4779326e-01
   2.7400000e+02   3.0096390e+00   9.1045599e-01
   2.7500000e+02   4.3201260e+00   9.2455470e-01
   2.7600000e+02  -2.3573900e-01   9.2741846e-01
   2.7700000e+02  -1.3761600e-01   9.1703625e-01
   2.7800000e+02   2.5790480e+00   9.1807213e-01
   2.7900000e+02   2.1598347e+01   7.1986131e-01
   2.8000000e+02  -2.0905319e+01   6.9268096e-01
   2.8100000e+02  -3.0628652e+01   6.9665800e-01
   2.8200000e+02  -1.6060783e+01   6.9415009e-01
   2.8300000e+02  -2.3887844e+01   6.6908318e-01
   2.8400000e+02   1.9359450e+00   7.2120724e-01
   2.8500000e+02  -6.8744590e+00   6.1321347e-01
   2.8600000e+02  -9.7277720e+00   7.6348821e-01
   2.8700000e+02   3.6085100e-01   7.1408657e-01
   2.8800000e+02  -3.3720150e+00   7.3598148e-01
   2.8900000e+02  -2.3139120e+00   7.7337845e-01
   2.9000000e+02   6.6593630e+00   7.9067261e-01
   2.9100000e+02   3.4899500e+00   8.9578859e-01
   2.9200000e+02   2.7305890e+00   8.9549280e-01
   2.9300000e+02   6.9480360e+00   6.6013521e-01
   2.9400000e+02  -2.6684898e+01   6.7452636e-01
   2.9500000e+02  -3.0077898e+01   6.2177187e-01
   2.9600000e+02  -2.1466617e+01   7.5939970e-01
   2.9700000e+02  -1.3727390e+00   7.4009477e-01
   2.9800000e+02  -3.6776000e-02   7.8511227e-01
   2.9900000e+02   1.4196727e+01   6.7746162e-01
   3.0000000e+02   2.6010280e+00   7.9527071e-01
   3.0100000e+02   3.4307238e+00   8.0608907e-01
   3.0200000e+02   9.7311570e+00   7.9030564e-01
   3.0300000e+02  -2.8381614e+01   7.1236408e-01
   3.0400000e+02   1.6793330e+00   8.0830994e-01
   3.0500000e+02   7.0054200e-01   8.8323095e-01
   3.0600000e+02  -1.4035320e+00   9.2770251e-01
   3.0700000e+02  -1.3448260e+00   9.4232523e-01
   3.0800000e+02  -1.5883930e+00   9.3163715e-01
   3.0900000e+02  -1.4144476e+01   6.8936010e-01
   3.1000000e+02  -1.0143046e+01   8.6112575e-01
   3.1100000e+02   7.7231000e-01   8.2813383e-01
   3.1200000e+02   7.1118600e-01   8.5008300e-01
   3.1300000e+02  -2.1640662e+01   8.6119027e-01
   3.1400000e+02   1.3510440e+00   9.1072441e-01
   3.1500000e+02  -1.6511510e+00   9.0028283e-01
   3.1600000e+02  -1.3842050e+00   8.9654305e-01
   3.1700000e+02  -4.2393803e+01             NaN
