   1.0000000e+00  -9.3849071e+00   8.2562143e+01   4.7530507e+00   4.1358399e+00   2.2055732e+02   2.6630189e+02   8.4325714e+00   1.9764346e+02   0.0000000e+00  -9.3849071e+00
   2.0000000e+00  -9.1898611e+00   9.4965972e+01   2.2888587e+00   2.2418275e+00   2.7319317e+02   2.7353357e+02   2.1205208e+00   2.5837021e+02   0.0000000e+00  -9.1898611e+00
   3.0000000e+00  -8.4174375e+00   9.1456250e+01   7.5354045e+00   4.3697073e+00   2.6830193e+02   2.7480328e+02   5.3334028e+00   2.7477385e+02   0.0000000e+00  -8.4174375e+00
   4.0000000e+00  -1.0832674e+01   9.2669444e+01   1.4761002e+00   2.0927769e+00   2.6006298e+02   2.6417794e+02   3.4186597e+00   2.5590402e+02   0.0000000e+00  -1.0832674e+01
   5.0000000e+00  -8.0987083e+00   9.0180556e+01   2.5046033e+00   2.9384982e+00   2.5708568e+02   2.7525829e+02   6.4658611e+00   2.5925706e+02   0.0000000e+00  -8.0987083e+00
   6.0000000e+00  -4.3132639e+00   8.7185069e+01   7.6103068e+00   5.6497400e+00   2.6341465e+02   2.8625017e+02   5.9696458e+00   1.6447830e+02   0.0000000e+00  -4.3132639e+00
   7.0000000e+00  -7.0114097e+00   9.3827083e+01   4.4437550e+00   3.4346920e+00   2.5949813e+02   2.7898710e+02   5.5817361e+00   2.5753701e+02   0.0000000e+00  -7.0114097e+00
   8.0000000e+00  -1.2783125e+00   9.0790278e+01   3.1952559e+00   2.8077746e+00   2.7291042e+02   3.0401967e+02   1.1090882e+01   1.4348386e+02   6.3777778e-01  -1.9160903e+00
   9.0000000e+00  -5.3835764e+00   9.3855556e+01   2.8620734e+00   3.1651011e+00   2.2856354e+02   2.8572055e+02   1.4638750e+01   2.0488359e+02   0.0000000e+00  -5.3835764e+00
   1.0000000e+01  -9.3540694e+00   9.3701389e+01   3.4355826e+00   3.4872961e+00   2.0875863e+02   2.7070997e+02   1.8226528e+01   2.4048892e+02   0.0000000e+00  -9.3540694e+00
   1.1000000e+01  -8.0544306e+00   8.6074306e+01   3.5282733e+00   3.6661640e+00   2.2493236e+02   2.7406054e+02   1.0615139e+01   2.7312886e+02   0.0000000e+00  -8.0544306e+00
   1.2000000e+01  -9.8747639e+00   8.2218889e+01   6.0952330e+00   4.9095068e+00   2.3723041e+02   2.6731128e+02   7.7632917e+00   2.3107084e+02   0.0000000e+00  -9.8747639e+00
   1.3000000e+01   1.7519444e-01   7.7215625e+01   6.2408652e+00   4.3659945e+00   2.8791539e+02   3.1095199e+02   1.5078639e+01   1.9308342e+02   1.4354653e+00  -1.2602708e+00
   1.4000000e+01   2.8151667e+00   7.4904167e+01   1.0536223e+01   7.2036726e+00   2.6490491e+02   3.2005328e+02   1.2136764e+01   1.8301300e+02   2.8151667e+00   0.0000000e+00
   1.5000000e+01  -4.3339097e+00   8.0718681e+01   9.8492043e+00   6.2501077e+00   2.3656810e+02   2.8883743e+02   5.4540417e+00   2.0151590e+02   1.1675694e-01  -4.4506667e+00
   1.6000000e+01   5.2646528e-01   9.2810417e+01   5.3153726e+00   4.3074730e+00   2.5647661e+02   3.1233163e+02   9.9586250e+00   1.5962238e+02   7.1111111e-01  -1.8464583e-01
   1.7000000e+01  -3.3989792e+00   8.8416667e+01   7.0168405e+00   4.8904544e+00   2.5857952e+02   2.9481702e+02   7.2828472e+00   1.7422898e+02   4.9020833e-02  -3.4480000e+00
   1.8000000e+01  -4.9627431e+00   9.8544444e+01   4.1469680e+00   3.7487935e+00   2.8186487e+02   2.9293361e+02   1.2916299e+01   2.9518555e+02   0.0000000e+00  -4.9627431e+00
   1.9000000e+01  -7.2974722e+00   9.4102083e+01   4.8175557e+00   4.4160275e+00   2.3789215e+02   2.8024608e+02   1.4032708e+01   2.7228484e+02   0.0000000e+00  -7.2974722e+00
   2.0000000e+01  -6.5759375e+00   8.8685417e+01   3.8978369e+00   3.6160519e+00   2.5798189e+02   2.8162173e+02   5.2031597e+00   2.4740145e+02   0.0000000e+00  -6.5759375e+00
   2.1000000e+01  -5.8405208e+00   9.8398611e+01   5.4953393e+00   6.1519447e+00   2.8948772e+02   2.8854838e+02   3.1057917e+00   2.8895897e+02   0.0000000e+00  -5.8405208e+00
   2.2000000e+01  -4.3212500e+00   9.9479861e+01   3.4832960e+00   3.7921191e+00   2.9607204e+02   2.9608209e+02   2.4023194e+00   3.4903223e+02   0.0000000e+00  -4.3212500e+00
   2.3000000e+01  -6.6604583e+00   9.8095139e+01   4.6494528e+00   5.1435712e+00   2.8589161e+02   2.8587222e+02   9.0467361e-01   3.3830899e+02   0.0000000e+00  -6.6604583e+00
   2.4000000e+01  -7.6010764e+00   9.7424306e+01   1.2724046e+01   1.0420308e+01   2.6544618e+02   2.7640648e+02   4.7197778e+00   1.1756642e+02   0.0000000e+00  -7.6010764e+00
   2.5000000e+01  -9.7022222e+00   9.5646528e+01   3.2294317e+01   1.3855301e+01   2.7337832e+02   2.6882673e+02   7.4795694e+00   2.0379671e+02   0.0000000e+00  -9.7022222e+00
   2.6000000e+01  -1.0832292e+01   9.3434028e+01   1.3931410e+01   1.0517013e+01   2.4385527e+02   2.6224332e+02   6.7428819e+00   2.3533513e+02   0.0000000e+00  -1.0832292e+01
   2.7000000e+01  -8.2715972e+00   8.9934028e+01   1.1274359e+01   1.0132447e+01   2.4206596e+02   2.7369011e+02   8.4172778e+00   1.6405049e+02   0.0000000e+00  -8.2715972e+00
   2.8000000e+01   1.7328750e+00   8.9799306e+01   9.3020654e+00   8.0187938e+00   2.8415659e+02   3.1499078e+02   1.1531687e+01   1.6317009e+02   2.0283264e+00  -2.9545139e-01
   2.9000000e+01   2.5533958e+00   7.5603708e+01   9.2135112e+00   7.5011706e+00   2.9287157e+02   3.1931935e+02   1.3107486e+01   1.5853991e+02   2.6667569e+00  -1.1336111e-01
   3.0000000e+01  -4.1486806e+00   8.3740278e+01   1.2734093e+01   1.0679952e+01   2.4251543e+02   2.8874087e+02   5.8767639e+00   1.8538618e+02   4.5972222e-03  -4.1532778e+00
   3.1000000e+01   1.1117639e+00   8.4951389e+01   2.2233713e+01   1.3605668e+01   2.6306156e+02   3.1468600e+02   1.4502451e+01   1.6400648e+02   1.2012500e+00  -8.9486111e-02
   3.2000000e+01  -4.4018750e-01   8.3699861e+01   1.3643528e+01   1.1045940e+01   2.6565685e+02   3.0785710e+02   1.3795444e+01   1.9959122e+02   1.2918681e+00  -1.7320556e+00
   3.3000000e+01  -2.5397361e+00   6.5111806e+01   1.9962527e+01   1.3795322e+01   2.5895038e+02   2.9627299e+02   8.6411806e+00   1.6423338e+02   5.1968056e-01  -3.0594167e+00
   3.4000000e+01  -1.1272500e+00   7.2666806e+01   3.0088892e+01   1.6907187e+01   2.6162645e+02   3.0442132e+02   8.7938333e+00   1.6547883e+02   8.6327083e-01  -1.9905208e+00
   3.5000000e+01  -8.2288889e-01   8.8425694e+01   4.0737037e+01   2.8544805e+01   2.6841015e+02   3.0597694e+02   8.3015833e+00   1.7873963e+02   4.8423611e-02  -8.7131250e-01
   3.6000000e+01  -8.6486806e+00   7.7065486e+01   3.3083017e+01   2.1601007e+01   2.1742315e+02   2.7040775e+02   9.0180417e+00   2.2443320e+02   0.0000000e+00  -8.6486806e+00
   3.7000000e+01   1.6210694e+00   7.8580972e+01   4.5556101e+01   2.8003361e+01   2.8161584e+02   3.1404647e+02   1.2028229e+01   1.8946321e+02   2.0651806e+00  -4.4411111e-01
   3.8000000e+01  -9.8025000e-01   8.5922569e+01   1.3153769e+01   9.5682523e+00   2.6286419e+02   3.0682533e+02   1.4130993e+01   1.7159561e+02   4.3816667e-01  -1.4184167e+00
   3.9000000e+01  -3.2752014e+00   9.6276389e+01   2.2048855e+01   1.7130250e+01   2.3953374e+02   2.9711087e+02   1.3378569e+01   1.8193575e+02   0.0000000e+00  -3.2752014e+00
   4.0000000e+01  -2.1199444e+00   8.8320000e+01   2.4598292e+01   1.9501120e+01   2.5761696e+02   2.9978920e+02   1.1380632e+01   1.9364514e+02   3.0116667e-01  -2.4211111e+00
   4.1000000e+01  -3.7681389e+00   7.6451944e+01   4.2973062e+01   2.4861621e+01   2.1562284e+02   2.8922103e+02   1.0947125e+01   2.1457294e+02   9.3111111e-02  -3.8612500e+00
   4.2000000e+01  -2.6763681e+00   6.9724931e+01   2.7783652e+01   1.8437895e+01   2.5038299e+02   2.9328127e+02   9.0952222e+00   2.3491637e+02   5.0694444e-03  -2.6814375e+00
   4.3000000e+01   2.2638194e-01   8.1939931e+01   4.3044841e+01   2.4473651e+01   2.4664396e+02   3.0647893e+02   1.1354979e+01   2.2549964e+02   8.4877778e-01  -6.2239583e-01
   4.4000000e+01   4.7981944e-01   5.9309375e+01   1.9607700e+01   1.2812033e+01   2.6033039e+02   3.0364376e+02   9.5019583e+00   2.7846795e+02   1.5538472e+00  -1.0740278e+00
   4.5000000e+01   3.6505208e+00   7.3104514e+01   2.8235343e+01   1.4732592e+01   2.6906141e+02   3.1915549e+02   1.3755472e+01   2.6743756e+02   3.6505208e+00   0.0000000e+00
   4.6000000e+01   1.6033958e+00   6.7375833e+01   3.6087800e+01   1.8396494e+01   2.4667260e+02   3.0916398e+02   1.0643049e+01   2.2413721e+02   2.5728819e+00  -9.6948611e-01
   4.7000000e+01  -5.0007153e+00   7.0860694e+01   5.7892020e+01   2.7237928e+01   2.1465676e+02   2.8448972e+02   1.2388250e+01   2.4087931e+02   0.0000000e+00  -5.0007153e+00
   4.8000000e+01  -8.4997778e+00   8.5872917e+01   5.7642580e+01   3.7455375e+01   2.4415042e+02   2.7388011e+02   6.8186250e+00   2.6698937e+02   0.0000000e+00  -8.4997778e+00
   4.9000000e+01  -1.3065417e+01   8.5801597e+01   5.1407395e+01   3.8733109e+01   2.2398158e+02   2.5533930e+02   8.1055139e+00   2.9788172e+02   0.0000000e+00  -1.3065417e+01
   5.0000000e+01  -3.9565694e+00   8.3651389e+01   2.6818719e+01   2.1778108e+01   2.5848859e+02   2.9139822e+02   9.2387847e+00   2.0487047e+02   0.0000000e+00  -3.9565694e+00
   5.1000000e+01  -6.0468264e+00   9.4028472e+01   2.8201741e+01   2.3416142e+01   2.5646353e+02   2.8506502e+02   5.6822292e+00   2.7209601e+02   0.0000000e+00  -6.0468264e+00
   5.2000000e+01  -2.2204028e+00   8.7938194e+01   6.9144469e+01   4.9041106e+01   2.7064113e+02   2.9789898e+02   6.8050903e+00   1.6386161e+02   4.2285417e-01  -2.6432569e+00
   5.3000000e+01  -4.7500208e+00   9.6962500e+01   3.6883567e+01   3.2823739e+01   2.7415462e+02   2.9001194e+02   3.8732014e+00   2.7359102e+02   0.0000000e+00  -4.7500208e+00
   5.4000000e+01  -3.5643958e+00   9.6086111e+01   3.7444645e+01   3.3178078e+01   2.7791051e+02   2.9526301e+02   6.5945139e+00   8.4699469e+01   0.0000000e+00  -3.5643958e+00
   5.5000000e+01  -4.4472639e+00   9.4233333e+01   3.8284083e+01   3.9773943e+01   2.9524127e+02   2.9063654e+02   2.7400417e+00   3.3354196e+02   0.0000000e+00  -4.4472639e+00
   5.6000000e+01  -2.3554028e+00   8.4626389e+01   6.3366102e+01   4.7315653e+01   2.7373877e+02   2.9848168e+02   8.5150903e+00   1.9466820e+02   7.5208333e-03  -2.3629236e+00
   5.7000000e+01   2.2530556e-01   8.5911806e+01   5.2637819e+01   4.0546543e+01   2.5774551e+02   3.0749273e+02   1.0939854e+01   1.8447146e+02   9.7160417e-01  -7.4629861e-01
   5.8000000e+01  -2.6838611e+00   8.7504028e+01   7.9164979e+01   5.3433866e+01   2.3704717e+02   2.9451873e+02   1.3088708e+01   2.1704952e+02   1.2131944e-02  -2.6959931e+00
   5.9000000e+01  -3.7534028e+00   8.9608333e+01   7.0171737e+01   4.8909521e+01   2.2202247e+02   2.9003925e+02   1.2466590e+01   1.9859533e+02   0.0000000e+00  -3.7534028e+00
   6.0000000e+01  -5.1787222e+00   7.4112014e+01   8.4742424e+01   6.0170272e+01   2.2794163e+02   2.8101743e+02   8.5584306e+00   2.0403221e+02   1.1493056e-02  -5.1902153e+00
   6.1000000e+01  -7.9394375e+00   8.0005208e+01   9.5166516e+01   6.3206983e+01   2.1118415e+02   2.7079793e+02   9.0328611e+00   1.9510920e+02   0.0000000e+00  -7.9394375e+00
   6.2000000e+01   9.1557639e-01   9.5142847e+01   6.4664204e+01   4.4794927e+01   2.7125274e+02   3.1506593e+02   1.6841972e+01   1.4867435e+02   1.4146181e+00  -4.9904167e-01
   6.3000000e+01  -3.8788194e-01   9.6554861e+01   2.9276334e+01   2.4267178e+01   2.9728463e+02   3.1146580e+02   1.1483840e+01   2.4759861e+02   1.2106528e+00  -1.5985347e+00
   6.4000000e+01  -7.6063958e+00   8.1307083e+01   1.0096215e+02   7.2765174e+01   2.2703411e+02   2.7226133e+02   7.4881181e+00   2.4170670e+02   0.0000000e+00  -7.6063958e+00
   6.5000000e+01  -4.5115278e+00   8.1060000e+01   7.7244729e+01   6.4826554e+01   2.3444228e+02   2.8445234e+02   7.8712292e+00   1.7843165e+02   0.0000000e+00  -4.5115278e+00
   6.6000000e+01  -1.5246528e+00   9.6689583e+01   8.4553279e+01   7.1419051e+01   2.7974051e+02   3.0481663e+02   9.9788056e+00   1.4932089e+02   1.5541667e-02  -1.5401944e+00
   6.7000000e+01  -9.0417917e+00   8.9882639e+01   1.0431739e+02   7.4767422e+01   2.0432543e+02   2.6937340e+02   1.2626993e+01   2.0878887e+02   0.0000000e+00  -9.0417917e+00
   6.8000000e+01  -6.3158125e+00   8.3106806e+01   8.0581107e+01   6.4915819e+01   2.1785820e+02   2.7712656e+02   9.1237083e+00   2.1036678e+02   0.0000000e+00  -6.3158125e+00
   6.9000000e+01  -7.2039167e+00   8.4861806e+01   1.1663732e+02   8.2322425e+01   2.0185774e+02   2.7407350e+02   1.0379951e+01   2.2390715e+02   0.0000000e+00  -7.2039167e+00
   7.0000000e+01  -2.7311319e+00   8.2806250e+01   9.5801922e+01   7.8450484e+01   2.4862641e+02   2.9563104e+02   1.6003924e+01   2.1667137e+02   4.7104167e-01  -3.2021736e+00
   7.1000000e+01  -3.3929514e+00   9.8711806e+01   1.0431429e+02   7.5819624e+01   2.4822556e+02   2.9686108e+02   2.2046736e+01   2.1940525e+02   0.0000000e+00  -3.3929514e+00
   7.2000000e+01  -4.9904167e-01   9.1229167e+01   6.6071778e+01   5.0015304e+01   2.8278463e+02   3.0581763e+02   6.5502431e+00   1.3631592e+02   5.4589583e-01  -1.0449375e+00
   7.3000000e+01  -9.9481944e-01   8.2166528e+01   1.3395594e+02   9.1240499e+01   2.5019747e+02   3.0129264e+02   9.1265208e+00   1.8602979e+02   1.8304167e-01  -1.1778611e+00
   7.4000000e+01  -3.4637083e+00   9.0348194e+01   4.9635471e+01   4.4781153e+01   2.7872391e+02   2.9495466e+02   6.0058056e+00   1.8617358e+02   0.0000000e+00  -3.4637083e+00
   7.5000000e+01  -6.6995278e+00   9.7017361e+01   7.7954039e+01   7.2086529e+01   2.7076922e+02   2.8215969e+02   3.3488472e+00   2.9750113e+02   0.0000000e+00  -6.6995278e+00
   7.6000000e+01  -9.7231736e+00   8.9684028e+01   1.4604190e+02   1.0336762e+02   2.5242722e+02   2.6484966e+02   4.7180347e+00   2.1285343e+02   0.0000000e+00  -9.7231736e+00
   7.7000000e+01  -1.0489535e+01   8.0907847e+01   7.9330841e+01   6.8931339e+01   2.3365286e+02   2.6092076e+02   4.8868472e+00   2.5868894e+02   0.0000000e+00  -1.0489535e+01
   7.8000000e+01  -1.3322111e+01   7.0814444e+01   1.3664221e+02   1.0699323e+02   2.1502815e+02   2.4609215e+02   5.6650972e+00   2.0588991e+02   0.0000000e+00  -1.3322111e+01
   7.9000000e+01  -2.7209722e+00   9.2121042e+01   1.2733998e+02   1.0005132e+02   2.5091214e+02   2.9736595e+02   1.2970160e+01   1.7488100e+02   1.2733333e-01  -2.8483056e+00
   8.0000000e+01  -2.9832431e+00   7.8708611e+01   1.0005333e+02   7.8936243e+01   2.4849687e+02   2.9007018e+02   6.1230278e+00   1.7694120e+02   1.3402778e-03  -2.9845833e+00
   8.1000000e+01  -3.5745139e+00   8.5515139e+01   1.5570206e+02   1.1471888e+02   2.3010593e+02   2.8983964e+02   1.2355125e+01   1.8939232e+02   2.6041667e-03  -3.5771181e+00
   8.2000000e+01  -1.5770833e-01   8.2646458e+01   1.4734845e+02   1.1394452e+02   2.7883966e+02   3.0414344e+02   5.5688958e+00   1.6780198e+02   1.5877986e+00  -1.7455069e+00
   8.3000000e+01   3.1434028e+00   8.5877778e+01   1.1061574e+02   8.2537042e+01   2.8191691e+02   3.1801007e+02   1.0424326e+01   1.9432334e+02   3.1434028e+00   0.0000000e+00
   8.4000000e+01   1.6691528e+00   8.6722222e+01   1.4434027e+02   9.8583951e+01   2.5722340e+02   3.1078180e+02   5.4378056e+00   1.4242145e+02   1.7918681e+00  -1.2271528e-01
   8.5000000e+01   3.2444792e+00   8.7910417e+01   1.3637533e+02   9.2410096e+01   2.7423418e+02   3.1878491e+02   1.1192708e+01   1.6902621e+02   3.2444792e+00   0.0000000e+00
   8.6000000e+01   2.8345556e+00   8.0505903e+01   1.7847952e+02   1.1224256e+02   2.6315092e+02   3.1541308e+02   1.2298236e+01   1.8280091e+02   2.8345556e+00   0.0000000e+00
   8.7000000e+01   1.3083472e+00   7.8921875e+01   1.8061323e+02   1.0300829e+02   2.3195370e+02   3.1085393e+02   1.8068194e+01   2.0131255e+02   1.3489653e+00  -4.0618056e-02
   8.8000000e+01   3.4423889e+00   6.9229097e+01   5.0345341e+01   2.8586342e+01   2.9905056e+02   3.1722532e+02   8.5711319e+00   2.4835062e+02   3.4532708e+00  -1.0881944e-02
   8.9000000e+01   6.5645486e+00   7.0272569e+01   1.1623437e+02   4.6892401e+01   2.9205433e+02   3.2254382e+02   1.0446035e+01   2.6632468e+02   6.5645486e+00   0.0000000e+00
   9.0000000e+01   1.4289583e-01   8.3065833e+01   1.5633962e+02   5.8858073e+01   2.6093474e+02   3.0861442e+02   6.2890486e+00   3.3043347e+02   1.2886875e+00  -1.1457917e+00
   9.1000000e+01   5.7962500e-01   8.6867917e+01   9.3801469e+01   3.9935834e+01   2.8699184e+02   3.0811602e+02   5.1235139e+00   2.5641243e+02   2.1090278e+00  -1.5294028e+00
   9.2000000e+01  -5.6707847e+00   9.8043056e+01   9.7187227e+01   7.9607434e+01   2.9089473e+02   2.9318847e+02   3.2307986e+00   4.9597608e+01   7.8958333e-02  -5.7497431e+00
   9.3000000e+01  -1.5342569e+01   9.0427083e+01   2.0505323e+02   1.5422088e+02   2.2914651e+02   2.4182102e+02   3.5103403e+00   2.5854750e+02   0.0000000e+00  -1.5342569e+01
   9.4000000e+01  -8.2655139e+00   6.9313056e+01   1.9785518e+02   1.5446270e+02   2.0706827e+02   2.6420446e+02   4.6679444e+00   2.2130844e+02   6.1319444e-03  -8.2716458e+00
   9.5000000e+01   1.0185972e+00   8.0832500e+01   1.3467419e+02   9.3755659e+01   2.8601580e+02   3.0986605e+02   5.9227708e+00   2.8414455e+02   1.6054653e+00  -5.8686806e-01
   9.6000000e+01   2.1839375e+00   9.0497222e+01   7.9688146e+01   4.4051419e+01   3.1310689e+02   3.1647642e+02   4.4099375e+00   3.0550979e+02   2.1839375e+00   0.0000000e+00
   9.7000000e+01   2.5806597e+00   9.3672917e+01   9.3271049e+01   3.3746280e+01   3.1776770e+02   3.1695763e+02   6.0845000e+00   2.8670787e+02   2.5806597e+00   0.0000000e+00
   9.8000000e+01   3.5202292e+00   8.9312431e+01   7.5400049e+01   1.5118314e+01   3.1562348e+02   3.1963001e+02   4.7264583e+00   2.4456318e+02   3.5202292e+00   0.0000000e+00
   9.9000000e+01   9.5316667e-01   9.0040278e+01   1.2782359e+02   3.5556855e+01   3.0418777e+02   3.1566945e+02   7.1110278e+00   2.4554426e+02   1.1954444e+00  -2.4227778e-01
   1.0000000e+02  -2.8858194e+00   9.8633333e+01   1.0485498e+02   8.8344982e+01   2.9511815e+02   3.0245326e+02   7.5093542e+00   3.5449726e+02   0.0000000e+00  -2.8858194e+00
   1.0100000e+02  -3.4856736e+00   9.9516667e+01   1.1492651e+02   1.0337183e+02   2.9504612e+02   2.9852696e+02   8.8871250e+00   2.8225898e+01   0.0000000e+00  -3.4856736e+00
   1.0200000e+02  -6.0979514e+00   9.7277778e+01   1.4867997e+02   1.2990981e+02   2.7413679e+02   2.8609890e+02   5.7059375e+00   4.8255151e+01   0.0000000e+00  -6.0979514e+00
   1.0300000e+02  -7.5211111e+00   9.2699306e+01   1.7081867e+02   1.4295415e+02   2.6470787e+02   2.7389148e+02   1.7128819e+00   7.6620448e+01   0.0000000e+00  -7.5211111e+00
   1.0400000e+02  -1.1624403e+01   8.7649306e+01   2.3017865e+02   1.8188107e+02   2.1547646e+02   2.5331686e+02   2.7230556e+00   1.6386408e+02   0.0000000e+00  -1.1624403e+01
   1.0500000e+02  -8.4400972e+00   7.8607569e+01   2.2817359e+02   1.7741421e+02   2.1242637e+02   2.6692051e+02   5.0446042e+00   2.5054790e+02   0.0000000e+00  -8.4400972e+00
   1.0600000e+02  -2.8796181e+00   8.6866667e+01   2.1713030e+02   1.7555675e+02   2.4635689e+02   2.9215072e+02   5.7577569e+00   2.5300095e+02   8.5263889e-02  -2.9648819e+00
   1.0700000e+02  -5.0833264e+00   8.5511111e+01   2.5078072e+02   1.8950871e+02   2.1598674e+02   2.8266706e+02   7.7812500e+00   1.6416970e+02   0.0000000e+00  -5.0833264e+00
   1.0800000e+02  -6.6717917e+00   8.6953681e+01   1.7828947e+02   1.4460764e+02   2.6348310e+02   2.8123129e+02   4.7140833e+00   5.5877947e+01   0.0000000e+00  -6.6717917e+00
   1.0900000e+02  -5.8169097e+00   9.6640278e+01   1.7925952e+02   1.5521118e+02   2.7967649e+02   2.8648951e+02   5.7909931e+00   2.3169729e+01   0.0000000e+00  -5.8169097e+00
   1.1000000e+02  -6.3093611e+00   9.7032639e+01   1.6662664e+02   1.4306469e+02   2.7707208e+02   2.8447183e+02   4.3635833e+00   4.6650078e+01   0.0000000e+00  -6.3093611e+00
   1.1100000e+02  -6.4927292e+00   9.2899306e+01   1.6291892e+02   1.3999324e+02   2.7464276e+02   2.8389100e+02   4.5792222e+00   2.6126087e+01   0.0000000e+00  -6.4927292e+00
   1.1200000e+02  -5.3328403e+00   9.8339583e+01   1.4772871e+02   1.3104813e+02   2.8509167e+02   2.8977397e+02   3.6117708e+00   4.7202600e+01   0.0000000e+00  -5.3328403e+00
   1.1300000e+02  -3.7729514e+00   9.4319444e+01   1.6444595e+02   1.4221500e+02   2.8678285e+02   2.9513844e+02   3.1629792e+00   1.1380933e+02   0.0000000e+00  -3.7729514e+00
   1.1400000e+02  -3.2564722e+00   8.2719583e+01   2.0972332e+02   1.7009614e+02   2.7324834e+02   2.9312726e+02   3.3069722e+00   1.4369356e+02   0.0000000e+00  -3.2564722e+00
   1.1500000e+02  -6.0412986e+00   8.3525486e+01   2.1074999e+02   1.6923535e+02   2.4913299e+02   2.7983864e+02   4.3362569e+00   9.2978930e+01   0.0000000e+00  -6.0412986e+00
   1.1600000e+02  -8.7483472e+00   8.3767569e+01   2.2809953e+02   1.9110881e+02   2.4232193e+02   2.6880705e+02   3.4816042e+00   8.7788805e+01   0.0000000e+00  -8.7483472e+00
   1.1700000e+02  -1.0946444e+01   7.8944167e+01   2.8433572e+02   2.1628151e+02   1.8467874e+02   2.5259642e+02   4.1399861e+00   1.9952307e+02   6.0875000e-02  -1.1007319e+01
   1.1800000e+02  -1.7164931e+00   7.8811111e+01   2.4746873e+02   1.8603177e+02   2.5236728e+02   2.9551907e+02   4.6739306e+00   2.4937112e+02   4.8036806e-01  -2.1968611e+00
   1.1900000e+02   7.2352778e-01   8.4200694e+01   1.0888643e+02   8.5039498e+01   2.9316834e+02   3.1081240e+02   7.7584861e+00   2.0514258e+02   1.6527569e+00  -9.2922917e-01
   1.2000000e+02  -9.3000000e-02   9.1033333e+01   2.1402998e+02   1.6276560e+02   2.7794089e+02   3.0502279e+02   4.8425625e+00   2.8791455e+02   6.0459028e-01  -6.9759028e-01
   1.2100000e+02   2.5272708e+00   7.1292917e+01   2.4535261e+02   1.6507410e+02   2.6339068e+02   3.0957375e+02   9.5620764e+00   2.0690568e+02   2.7401875e+00  -2.1291667e-01
   1.2200000e+02   3.4458611e+00   5.6447222e+01   1.9661746e+02   1.0919585e+02   2.7142283e+02   3.1431321e+02   5.3582639e+00   2.7197943e+02   3.4458611e+00   0.0000000e+00
   1.2300000e+02   1.6170903e+00   8.5728958e+01   1.7986120e+02   1.0220775e+02   3.0608667e+02   3.1281639e+02   1.8744792e+00   1.9836474e+02   1.6250903e+00  -8.0000000e-03
   1.2400000e+02  -2.3726736e+00   8.4645069e+01   2.4696534e+02   2.0026662e+02   2.6462328e+02   2.9338060e+02   4.1367847e+00   3.4856560e+02   1.3395833e-02  -2.3860694e+00
   1.2500000e+02  -4.3637917e+00   6.4464375e+01   3.0926762e+02   2.3399903e+02   2.1101743e+02   2.8000945e+02   4.8970556e+00   2.7416896e+02   1.5637500e-01  -4.5201667e+00
   1.2600000e+02  -6.3672153e+00   8.5439236e+01   2.1401851e+02   1.7984114e+02   2.5722179e+02   2.8167313e+02   5.9187778e+00   3.5135354e+02   0.0000000e+00  -6.3672153e+00
   1.2700000e+02  -6.4238958e+00   8.7392778e+01   2.5922656e+02   2.1210045e+02   2.6089395e+02   2.8252299e+02   5.0426250e+00   3.4410250e+02   0.0000000e+00  -6.4238958e+00
   1.2800000e+02  -7.0002778e+00   8.1963611e+01   2.3171604e+02   1.9067335e+02   2.5726036e+02   2.7587320e+02   3.5530833e+00   3.3485792e+02   1.9375000e-03  -7.0022153e+00
   1.2900000e+02  -5.4538333e+00   9.0152778e+01   2.4480572e+02   2.0826328e+02   2.7655297e+02   2.8286473e+02   2.5536806e+00   3.4200536e+02   0.0000000e+00  -5.4538333e+00
   1.3000000e+02  -5.3080486e+00   8.0964861e+01   2.9322151e+02   2.3638320e+02   2.6262640e+02   2.8130890e+02   3.3992014e+00   2.3011964e+02   7.3611111e-04  -5.3087847e+00
   1.3100000e+02  -2.1267153e+00   7.8920139e+01   2.4376523e+02   1.8349741e+02   2.5784643e+02   2.9505702e+02   4.2135833e+00   2.6526417e+02   1.6013194e-01  -2.2868472e+00
   1.3200000e+02   6.2318750e-01   7.7547639e+01   3.0073277e+02   1.8740178e+02   2.5855550e+02   3.0601902e+02   3.8554653e+00   2.4232126e+02   1.1143472e+00  -4.9115972e-01
   1.3300000e+02   1.4482569e+00   8.4736806e+01   1.9596409e+02   1.1337591e+02   2.8979100e+02   3.1229330e+02   4.8502292e+00   2.0393742e+02   1.4512778e+00  -3.0208333e-03
   1.3400000e+02  -3.5034653e+00   9.9290972e+01   1.2123034e+02   9.9596763e+01   2.9485154e+02   2.9964730e+02   1.0641229e+01   3.5818927e+02   2.8819444e-03  -3.5063472e+00
   1.3500000e+02  -6.5683611e+00   9.6986111e+01   2.1062840e+02   1.8313026e+02   2.7546288e+02   2.8460125e+02   1.0709167e+01   3.2551348e+02   0.0000000e+00  -6.5683611e+00
   1.3600000e+02  -7.3007847e+00   9.3147917e+01   2.7365784e+02   2.3086636e+02   2.5776736e+02   2.7971238e+02   9.2194722e+00   3.1951125e+02   0.0000000e+00  -7.3007847e+00
   1.3700000e+02  -7.9218403e+00   8.1004444e+01   3.1540363e+02   2.5626747e+02   2.2546943e+02   2.7051496e+02   4.3442847e+00   2.8106889e+02   0.0000000e+00  -7.9218403e+00
   1.3800000e+02  -5.9057639e+00   8.0070486e+01   2.8408116e+02   2.2221651e+02   2.3946082e+02   2.8233038e+02   6.5139792e+00   2.7387189e+02   0.0000000e+00  -5.9057639e+00
   1.3900000e+02  -5.2449028e+00   7.8801181e+01   3.3869614e+02   2.5668626e+02   2.1955628e+02   2.7779769e+02   3.2212708e+00   1.9293395e+02   0.0000000e+00  -5.2449028e+00
   1.4000000e+02  -4.2436111e+00   7.9584097e+01   3.1606805e+02   2.3220163e+02   2.3259785e+02   2.8719540e+02   4.6322639e+00   1.5535445e+02   0.0000000e+00  -4.2436111e+00
   1.4100000e+02  -2.2780069e+00   8.4085556e+01   3.4155920e+02   2.4230276e+02   2.3605262e+02   2.9494036e+02   3.8671806e+00   1.1791276e+02   1.1863194e-01  -2.3966389e+00
   1.4200000e+02  -1.4825118e-01   9.7353555e+01   2.3116285e+02   1.6456961e+02   3.0334224e+02   3.1193039e+02   6.6017204e+00   9.0157885e+01   3.4035071e-01  -4.8860190e-01
   1.4300000e+02   2.3791086e+00   9.2820362e+01   1.6085111e+02   1.0442433e+02   2.9799632e+02   3.1678513e+02   5.5498145e+00   1.2379950e+02   2.3791086e+00   0.0000000e+00
   1.4400000e+02   3.3604097e+00   8.9845139e+01   2.8294492e+02   1.0126194e+02   2.9657910e+02   3.1368886e+02   4.8414722e+00   1.7319886e+02   3.3604097e+00   0.0000000e+00
   1.4500000e+02   4.1942708e+00   8.5727083e+01   2.1556576e+02   9.6857176e+01   2.8625162e+02   3.1676839e+02   6.7390903e+00   1.8729422e+02   4.1942708e+00   0.0000000e+00
   1.4600000e+02   4.2638125e+00   8.1138542e+01   3.3814063e+02   1.3125161e+02   2.7314881e+02   3.1658355e+02   1.3022458e+01   2.0044822e+02   4.2638125e+00   0.0000000e+00
   1.4700000e+02   5.5620556e+00   7.8991389e+01   3.1131520e+02   7.5400832e+01   2.8189455e+02   3.1765018e+02   8.0337431e+00   2.2050886e+02   5.5620556e+00   0.0000000e+00
   1.4800000e+02   4.1182639e+00   7.2927500e+01   2.9550745e+02   3.9556281e+01   2.6713640e+02   3.1555289e+02   5.5303889e+00   2.5249786e+02   4.1182639e+00   0.0000000e+00
   1.4900000e+02   5.4587708e+00   6.7543472e+01   3.1816379e+02   4.0136031e+01   2.6917138e+02   3.1534511e+02   3.0475139e+00   2.2276124e+02   5.4587708e+00   0.0000000e+00
   1.5000000e+02   2.2681667e+00   8.6429861e+01   3.4550094e+02   4.5022162e+01   2.4615954e+02   3.0913136e+02   3.0906389e+00   2.0171221e+02   2.2747431e+00  -6.5763889e-03
   1.5100000e+02   2.6119722e+00   7.6370625e+01   3.3955444e+02   4.8651047e+01   2.5353444e+02   3.0964440e+02   3.3416111e+00   2.0550580e+02   2.8197292e+00  -2.0775694e-01
   1.5200000e+02   2.3115000e+00   7.1295069e+01   3.4928734e+02   4.8671191e+01   2.4273507e+02   3.0855576e+02   2.8448750e+00   3.1618057e+02   2.3115000e+00   0.0000000e+00
   1.5300000e+02   4.3129861e+00   6.0726528e+01   3.4447728e+02   4.6743975e+01   2.4624697e+02   3.1009420e+02   2.6204306e+00   3.2513029e+02   4.3159375e+00  -2.9513889e-03
   1.5400000e+02   5.0468333e+00   6.3407639e+01   3.3329216e+02   3.6070313e+01   2.5848297e+02   3.1304964e+02   2.9752569e+00   3.2460838e+02   5.0468333e+00   0.0000000e+00
   1.5500000e+02   4.7239375e+00   7.0807222e+01   3.3011913e+02   2.7663148e+01   2.6265808e+02   3.1419419e+02   3.3196667e+00   3.3882531e+02   4.7239375e+00   0.0000000e+00
   1.5600000e+02   2.1845347e+00   8.4848542e+01   1.7555211e+02   1.6980703e+01   2.8272414e+02   3.1299028e+02   2.2925903e+00   1.9750072e+01   2.2493125e+00  -6.4777778e-02
   1.5700000e+02  -1.7532014e+00   9.5299306e+01   2.1316180e+02   1.4554658e+02   2.9434909e+02   3.0507384e+02   5.1383611e+00   5.6955742e+00   6.6319444e-03  -1.7598333e+00
   1.5800000e+02  -1.1682014e+00   9.9947222e+01   2.0414425e+02   1.6890279e+02   3.0666994e+02   3.0881647e+02   6.1421806e+00   3.5783872e+02   1.9236111e-02  -1.1874375e+00
   1.5900000e+02   1.6305556e-02   9.3561111e+01   2.2976905e+02   1.9050735e+02   2.9749859e+02   3.0949948e+02   3.6547986e+00   6.0620874e+01   6.2527083e-01  -6.0896528e-01
   1.6000000e+02   9.5442361e-01   9.5238194e+01   2.0640360e+02   1.4826476e+02   3.0690062e+02   3.1031540e+02   2.8530000e+00   7.8646416e+01   1.1848194e+00  -2.3039583e-01
   1.6100000e+02   1.0915833e+00   8.9406597e+01   2.9553310e+02   1.3876525e+02   2.7755922e+02   3.0697436e+02   2.3051111e+00   1.3645781e+02   1.2697500e+00  -1.7816667e-01
   1.6200000e+02   1.2751528e+00   8.8472986e+01   3.1633285e+02   7.9863560e+01   2.6530019e+02   3.0599162e+02   1.3679097e+00   8.9784044e+01   1.5273472e+00  -2.5219444e-01
   1.6300000e+02   1.2634722e+00   8.7619444e+01   3.6689622e+02   5.6124943e+01   2.5300367e+02   3.0639402e+02   2.3537153e+00   1.9100744e+02   1.5762292e+00  -3.1275694e-01
   1.6400000e+02   1.2951944e+00   9.1197917e+01   2.7147284e+02   3.0233921e+01   2.6348743e+02   3.0759794e+02   1.4832361e+00   1.7591736e+02   1.5480625e+00  -2.5286806e-01
   1.6500000e+02   1.3460903e+00   8.9797222e+01   2.0695796e+02   2.3926247e+01   2.8004059e+02   3.1164894e+02   2.2548958e+00   1.8356661e+02   1.5699792e+00  -2.2388889e-01
   1.6600000e+02   2.1603889e+00   8.4968403e+01   1.6918894e+02   1.5511663e+01   3.0235465e+02   3.1560941e+02   2.5363403e+00   2.6433128e+02   2.1725069e+00  -1.2118056e-02
   1.6700000e+02   5.8952083e-01   9.3181944e+01   1.5736757e+02   2.2626645e+01   3.1354110e+02   3.1381471e+02   2.5138264e+00   3.3329577e+02   8.4285417e-01  -2.5333333e-01
   1.6800000e+02   8.3013889e-01   8.9841667e+01   2.9243832e+02   1.2611143e+02   2.8276195e+02   3.0637809e+02   1.5879375e+00   1.4092376e+02   9.3029167e-01  -1.0015278e-01
   1.6900000e+02  -2.1833333e-02   9.0046528e+01   1.6243625e+02   3.0942312e+01   2.9182327e+02   3.1117579e+02   1.8987361e+00   2.3127238e+02   6.7082639e-01  -6.9265972e-01
   1.7000000e+02   2.1819931e+00   8.0335972e+01   2.3805139e+02   2.8642781e+01   2.7545233e+02   3.1202593e+02   2.7300556e+00   3.3187782e+02   2.3920208e+00  -2.1002778e-01
   1.7100000e+02   1.3707500e+00   9.5367361e+01   1.8249764e+02   1.9297060e+01   3.2174219e+02   3.1487243e+02   2.2358264e+00   2.0242727e+02   1.3707500e+00   0.0000000e+00
   1.7200000e+02   2.0379028e+00   8.7612500e+01   3.5327456e+02   3.0977005e+01   2.6208597e+02   3.1205437e+02   4.9445069e+00   1.9727202e+02   2.0379028e+00   0.0000000e+00
   1.7300000e+02   2.2745556e+00   8.8877083e+01   2.9839809e+02   2.4444782e+01   2.7294808e+02   3.1353323e+02   5.4008125e+00   1.9524822e+02   2.2745556e+00   0.0000000e+00
   1.7400000e+02   3.4646250e+00   8.4669722e+01   3.6264574e+02   2.8298288e+01   2.6425659e+02   3.1289499e+02   4.7167014e+00   1.9709346e+02   3.4646250e+00   0.0000000e+00
   1.7500000e+02   3.2847361e+00   7.9065833e+01   3.6418129e+02   3.2344565e+01   2.5415782e+02   3.1244088e+02   4.5123056e+00   2.0290416e+02   3.2847361e+00   0.0000000e+00
   1.7600000e+02   3.4824861e+00   9.0902778e+01   2.9925708e+02   2.1753110e+01   2.8860324e+02   3.1457919e+02   4.0630833e+00   2.0111282e+02   3.4824861e+00   0.0000000e+00
   1.7700000e+02   2.4959375e+00   9.8688194e+01   9.5509702e+01   4.4751666e+00   3.2800082e+02   3.1843300e+02   2.9826528e+00   2.1126794e+02   2.4959375e+00   0.0000000e+00
   1.7800000e+02   3.0053542e+00   9.4428472e+01   1.7256453e+02   9.4084080e+00   3.2032009e+02   3.1808307e+02   4.0563194e+00   2.0182513e+02   3.0053542e+00   0.0000000e+00
   1.7900000e+02   3.0688194e+00   9.4035417e+01   2.1556589e+02   1.6807875e+01   3.0601476e+02   3.1620377e+02   3.2459861e+00   2.0960333e+02   3.0688194e+00   0.0000000e+00
   1.8000000e+02   2.1759514e+00   9.5538194e+01   2.1314503e+02   1.5801512e+01   3.1691780e+02   3.1471167e+02   1.9442569e+00   2.1158951e+02   2.1759514e+00   0.0000000e+00
   1.8100000e+02   1.8382431e+00   9.1262500e+01   1.5328688e+02   1.1413270e+01   3.0807955e+02   3.1634538e+02   2.8535069e+00   5.6466286e+01   1.8382431e+00   0.0000000e+00
   1.8200000e+02   1.2229444e+00   9.6356250e+01   1.3276656e+02   1.0749648e+01   3.0966229e+02   3.1527457e+02   1.7685208e+00   2.7369290e+02   1.2950069e+00  -7.2062500e-02
   1.8300000e+02   2.1132292e+00   9.0336111e+01   3.2924036e+02   3.2822224e+01   2.8772839e+02   3.1176177e+02   3.3082431e+00   1.9930267e+02   2.1774306e+00  -6.4201389e-02
   1.8400000e+02   2.6776736e+00   8.9117361e+01   3.1061439e+02   2.7146681e+01   2.7256581e+02   3.1297860e+02   4.1640000e+00   1.9957941e+02   2.6776736e+00   0.0000000e+00
   1.8500000e+02   2.7149306e+00   9.1622917e+01   2.6342205e+02   2.3491059e+01   2.8194600e+02   3.1347608e+02   3.8111806e+00   2.0641980e+02   2.7149306e+00   0.0000000e+00
   1.8600000e+02   3.6325903e+00   9.1340972e+01   2.6511187e+02   2.0973745e+01   2.9446957e+02   3.1635139e+02   3.4620486e+00   2.2405804e+02   3.6325903e+00   0.0000000e+00
   1.8700000e+02   3.1555764e+00   8.2944028e+01   3.5202353e+02   3.7874928e+01   2.6802039e+02   3.1249212e+02   3.6783542e+00   2.1027437e+02   3.1555764e+00   0.0000000e+00
   1.8800000e+02   3.5276806e+00   8.9395833e+01   2.1334139e+02   1.3787379e+01   3.0907199e+02   3.1678269e+02   4.4187778e+00   2.0602964e+02   3.5276806e+00   0.0000000e+00
   1.8900000e+02   4.0559306e+00   8.9769444e+01   1.9662798e+02   1.1359373e+01   3.2782300e+02   3.1794638e+02   4.9434514e+00   2.0583575e+02   4.0559306e+00   0.0000000e+00
   1.9000000e+02   4.4367986e+00   8.8922222e+01   1.7773541e+02   1.0431295e+01   3.3029029e+02   3.1937954e+02   4.4668333e+00   2.0922823e+02   4.4367986e+00   0.0000000e+00
   1.9100000e+02   2.3506042e+00   9.5790278e+01   1.2446260e+02   8.7319746e+00   3.2556290e+02   3.2095745e+02   4.2642431e+00   3.3395851e+02   2.3506042e+00   0.0000000e+00
   1.9200000e+02   1.4491528e+00   9.3068750e+01   1.7051598e+02   6.6620332e+01   3.0588947e+02   3.1327701e+02   3.9843472e+00   3.4369130e+02   1.7001319e+00  -2.5097917e-01
   1.9300000e+02   2.6358472e+00   8.7134028e+01   2.9668408e+02   3.4117014e+01   2.6189113e+02   3.1131159e+02   3.3190694e+00   2.0416699e+02   2.6358472e+00   0.0000000e+00
   1.9400000e+02   3.2807847e+00   8.4628472e+01   3.3770752e+02   3.8849693e+01   2.5723044e+02   3.1192637e+02   3.5782847e+00   2.0830780e+02   3.2807847e+00   0.0000000e+00
   1.9500000e+02   5.2870903e+00   7.5115069e+01   2.3134036e+02   1.7412430e+01   2.8567286e+02   3.1904353e+02   3.8398750e+00   2.9541249e+02   5.2870903e+00   0.0000000e+00
   1.9600000e+02   4.6287014e+00   8.2889583e+01   2.7700147e+02   2.6628318e+01   2.8644711e+02   3.1415379e+02   2.0972083e+00   3.1745708e+02   4.6287014e+00   0.0000000e+00
   1.9700000e+02   2.5872639e+00   9.6258333e+01   8.1786898e+01   6.8649963e+00   3.2040977e+02   3.1888803e+02   2.1139514e+00   2.7199297e+02   2.5872639e+00   0.0000000e+00
   1.9800000e+02   2.1095347e+00   9.4911806e+01   2.9020257e+02   2.7944983e+01   2.8571576e+02   3.1231650e+02   2.8201875e+00   2.0376462e+02   2.1110903e+00  -1.5555556e-03
   1.9900000e+02   3.0585417e+00   9.3056250e+01   2.6479111e+02   2.2113136e+01   2.9639195e+02   3.1561736e+02   4.3789028e+00   1.9904235e+02   3.0585417e+00   0.0000000e+00
   2.0000000e+02   4.0362014e+00   9.4794444e+01   1.6161958e+02   1.1752758e+01   3.2384273e+02   3.1999851e+02   3.6944306e+00   2.2852502e+02   4.0362014e+00   0.0000000e+00
   2.0100000e+02   2.9107153e+00   9.5905556e+01   1.3784534e+02   9.7218631e+00   3.2716836e+02   3.2100023e+02   4.1728056e+00   2.0409505e+02   2.9107153e+00   0.0000000e+00
   2.0200000e+02   3.3124097e+00   9.5040972e+01   1.9296511e+02   1.4245361e+01   3.2464503e+02   3.1695013e+02   4.1791806e+00   2.1047435e+02   3.3124097e+00   0.0000000e+00
   2.0300000e+02   3.3571250e+00   9.5437500e+01   1.7394928e+02   1.4647794e+01   3.2502852e+02   3.1727042e+02   4.1519444e+00   1.6950101e+02   3.3571250e+00   0.0000000e+00
   2.0400000e+02   4.6353403e+00   9.3070139e+01   2.0922133e+02   1.6681331e+01   3.1104291e+02   3.1874715e+02   4.1699722e+00   1.5136702e+02   4.6353403e+00   0.0000000e+00
   2.0500000e+02   3.9137222e+00   9.9644444e+01   6.2957112e+01   4.4629366e+00   3.3539371e+02   3.2276732e+02   2.7731736e+00   2.4620710e+02   3.9137222e+00   0.0000000e+00
   2.0600000e+02   2.0878750e+00   9.8204167e+01   9.9475404e+01   7.5672326e+00   3.2662152e+02   3.1763683e+02   3.8776319e+00   2.7511980e+02   2.0878750e+00   0.0000000e+00
   2.0700000e+02   2.5267639e+00   9.1343056e+01   2.1903576e+02   2.5276930e+01   3.1598116e+02   3.1338005e+02   3.8321181e+00   1.9623645e+02   2.5267639e+00   0.0000000e+00
   2.0800000e+02   3.1805694e+00   9.9000694e+01   8.4918749e+01   5.5481874e+00   3.3029040e+02   3.1956134e+02   2.6959306e+00   3.4721109e+02   3.1805694e+00   0.0000000e+00
   2.0900000e+02   3.8284306e+00   8.8529306e+01   1.7142830e+02   1.3997673e+01   3.0254245e+02   3.1986407e+02   4.7924167e+00   3.5107185e+02   3.8284306e+00   0.0000000e+00
   2.1000000e+02   4.8195069e+00   7.1364792e+01   3.1381850e+02   3.7768363e+01   2.5514324e+02   3.1216380e+02   2.8968403e+00   2.8311965e+02   4.8195069e+00   0.0000000e+00
   2.1100000e+02   3.2686528e+00   8.1261806e+01   3.1319120e+02   3.9127786e+01   2.5290094e+02   3.1314597e+02   4.6130417e+00   2.0440476e+02   3.2686528e+00   0.0000000e+00
   2.1200000e+02   2.9565417e+00   9.0536111e+01   2.4392315e+02   3.0070672e+01   2.6545672e+02   3.1216188e+02   3.3215972e+00   1.9667371e+02   2.9565417e+00   0.0000000e+00
   2.1300000e+02   2.2003333e+00   9.3729167e+01   1.6701030e+02   1.4472955e+01   3.0096617e+02   3.1451106e+02   3.2942014e+00   2.0103243e+02   2.2003333e+00   0.0000000e+00
   2.1400000e+02   2.9881042e+00   9.2800000e+01   2.8620452e+02   2.9461184e+01   2.6725244e+02   3.1293999e+02   3.3488611e+00   1.9251407e+02   2.9881042e+00   0.0000000e+00
   2.1500000e+02   2.9487083e+00   9.3119444e+01   2.8546120e+02   2.9100432e+01   2.8364267e+02   3.1308582e+02   3.5151806e+00   2.0345758e+02   2.9487083e+00   0.0000000e+00
   2.1600000e+02   4.4416736e+00   8.7127847e+01   2.9170395e+02   2.7432380e+01   2.7985943e+02   3.1594540e+02   4.6430972e+00   2.0238460e+02   4.4416736e+00   0.0000000e+00
   2.1700000e+02   3.0450625e+00   9.6566667e+01   1.8453098e+02   1.4259602e+01   3.0629240e+02   3.1604981e+02   3.6165972e+00   2.0042468e+02   3.0450625e+00   0.0000000e+00
   2.1800000e+02   2.9202083e+00   9.0719444e+01   2.9517469e+02   3.2915101e+01   2.6361250e+02   3.1266240e+02   4.2198889e+00   1.9805847e+02   2.9202083e+00   0.0000000e+00
   2.1900000e+02   3.9107431e+00   8.9427083e+01   2.3770614e+02   2.0840400e+01   2.9719915e+02   3.1640374e+02   5.0203750e+00   2.0506744e+02   3.9107431e+00   0.0000000e+00
   2.2000000e+02   4.4714514e+00   8.6884722e+01   2.6833801e+02   2.5243034e+01   2.8272515e+02   3.1616262e+02   4.4327153e+00   2.0682037e+02   4.4714514e+00   0.0000000e+00
   2.2100000e+02   5.4449444e+00   8.2235486e+01   1.7906629e+02   1.2344544e+01   3.0935435e+02   3.2031537e+02   6.5687222e+00   2.0064437e+02   5.4449444e+00   0.0000000e+00
   2.2200000e+02   8.2882500e+00   8.1052639e+01   2.6328891e+02   2.4737461e+01   2.9605591e+02   3.2334104e+02   1.0145208e+01   2.0231868e+02   8.2882500e+00   0.0000000e+00
   2.2300000e+02   7.3169167e+00   8.0081528e+01   2.4606765e+02   2.1693496e+01   2.8801059e+02   3.2189258e+02   9.9487569e+00   2.0270416e+02   7.3169167e+00   0.0000000e+00
   2.2400000e+02   6.6731319e+00   8.6017361e+01   5.8840148e+01   7.1179837e+00   3.2171929e+02   3.2459976e+02   1.2124583e+01   1.9952167e+02   6.6731319e+00   0.0000000e+00
   2.2500000e+02   4.8498611e+00   9.3796528e+01   1.3325282e+02   1.5104425e+01   3.0308547e+02   3.1999486e+02   6.7250625e+00   1.8112971e+02   4.8498611e+00   0.0000000e+00
   2.2600000e+02   4.5075000e+00   9.5039583e+01   1.6954731e+02   2.0231580e+01   2.9580705e+02   3.1796033e+02   4.7097569e+00   1.7852731e+02   4.5075000e+00   0.0000000e+00
   2.2700000e+02   3.4857292e+00   9.9175694e+01   3.0402720e+01   2.5426146e+00   3.3277830e+02   3.2597821e+02   2.8033750e+00   1.7367906e+02   3.4857292e+00   0.0000000e+00
   2.2800000e+02   3.4017361e+00   9.1321528e+01   1.8152391e+02   1.9230186e+01   3.0882647e+02   3.2053795e+02   4.9291944e+00   1.8667210e+02   3.4017361e+00   0.0000000e+00
   2.2900000e+02   3.2861389e+00   9.5025000e+01   2.0965801e+02   2.5491871e+01   2.8053354e+02   3.1589779e+02   4.1473819e+00   1.9395188e+02   3.2861389e+00   0.0000000e+00
   2.3000000e+02   2.6819444e+00   9.9201389e+01   7.1332069e+01   6.0031095e+00   3.2672683e+02   3.1897878e+02   3.3509236e+00   1.9095195e+02   2.6819444e+00   0.0000000e+00
   2.3100000e+02   3.2864375e+00   9.6590278e+01   3.4001573e+01   3.0317635e+00   3.3170623e+02   3.2568460e+02   4.2693819e+00   1.2455762e+01   3.2864375e+00   0.0000000e+00
   2.3200000e+02   1.9239792e+00   9.9987500e+01   5.7817570e+01   4.6889219e+00   3.2561695e+02   3.2017917e+02   2.8853264e+00   1.2218208e+02   1.9239792e+00   0.0000000e+00
   2.3300000e+02   3.1378125e+00   9.7634722e+01   6.2205920e+01   4.7668548e+00   3.3136422e+02   3.2141793e+02   3.3369931e+00   1.6382580e+02   3.1378125e+00   0.0000000e+00
   2.3400000e+02   3.0885347e+00   8.9632639e+01   5.8627571e+01   4.8590141e+00   3.3116530e+02   3.2149909e+02   3.3538681e+00   1.8789566e+02   3.0885347e+00   0.0000000e+00
   2.3500000e+02   3.0492778e+00   8.9655556e+01   6.2858454e+01   6.2846145e+00   3.3130527e+02   3.2043761e+02   2.0500278e+00   2.2336313e+02   3.0492778e+00   0.0000000e+00
   2.3600000e+02   2.3547778e+00   8.3818750e+01   1.1631253e+02   1.2056123e+01   3.2818066e+02   3.1717296e+02   2.4106736e+00   2.1083872e+02   2.3547778e+00   0.0000000e+00
   2.3700000e+02   2.1573889e+00   8.2919306e+01   7.4971375e+01   7.3469781e+00   3.2636823e+02   3.2116672e+02   2.4679236e+00   9.8388003e+00   2.1573889e+00   0.0000000e+00
   2.3800000e+02   1.6057639e-01   9.5542361e+01   1.1122863e+02   4.9067233e+01   3.0978705e+02   3.1321833e+02   2.6318542e+00   3.2429843e+02   4.0690278e-01  -2.4632639e-01
   2.3900000e+02  -4.7255556e-01   9.2159028e+01   1.7588511e+02   1.0584016e+02   2.9795476e+02   3.0706800e+02   1.8929375e+00   8.2841020e+01   3.0668750e-01  -7.7924306e-01
   2.4000000e+02  -1.4940972e-01   9.6295139e+01   1.0280725e+02   7.7106853e+01   3.0874870e+02   3.1056345e+02   4.0740417e+00   3.7594865e+01   3.9717361e-01  -5.4658333e-01
   2.4100000e+02  -8.4672917e-01   9.8063889e+01   1.3507087e+02   1.0111717e+02   2.9952531e+02   3.1012223e+02   8.3509167e+00   3.4014525e+02   3.8166667e-02  -8.8489583e-01
   2.4200000e+02  -7.6576389e-02   8.7946528e+01   1.8693569e+02   1.1956892e+02   2.7383917e+02   3.0858079e+02   8.4377014e+00   2.7809062e+02   6.9379167e-01  -7.7036806e-01
   2.4300000e+02   1.3403056e+00   8.2064514e+01   2.0819459e+02   1.0384530e+02   2.5261059e+02   3.0876939e+02   5.5789792e+00   2.1599483e+02   1.4391875e+00  -9.8881944e-02
   2.4400000e+02   4.5544236e+00   8.7534028e+01   5.9978600e+01   9.1092439e+00   3.1805064e+02   3.2203921e+02   6.2826944e+00   1.5560477e+02   4.5544236e+00   0.0000000e+00
   2.4500000e+02   5.2857639e+00   8.0869514e+01   1.0447775e+02   1.0333664e+01   2.9440492e+02   3.2178269e+02   7.1634167e+00   2.0649567e+02   5.2857639e+00   0.0000000e+00
   2.4600000e+02   2.6981875e+00   9.4529861e+01   1.1008588e+02   1.3313570e+01   3.2429890e+02   3.1993044e+02   3.6119583e+00   2.3551930e+02   2.6981875e+00   0.0000000e+00
   2.4700000e+02   3.6625833e+00   9.4744444e+01   3.0036920e+01   2.5574371e+00   3.2372758e+02   3.2327802e+02   6.6381458e+00   1.5644202e+02   3.6625833e+00   0.0000000e+00
   2.4800000e+02   1.1058958e+00   8.7377083e+01   8.0604037e+01   1.1471533e+01   2.8511137e+02   3.1590678e+02   9.8937708e+00   2.9084673e+02   1.1564236e+00  -5.0527778e-02
   2.4900000e+02   3.3063056e+00   8.1668056e+01   7.9930283e+01   8.9835904e+00   2.9255782e+02   3.1868746e+02   9.5320972e+00   1.9114954e+02   3.3392639e+00  -3.2958333e-02
   2.5000000e+02   2.5671875e+00   7.7533472e+01   1.8346969e+02   3.0440416e+01   2.5213721e+02   3.1590258e+02   8.2872708e+00   2.6725139e+02   2.5671875e+00   0.0000000e+00
   2.5100000e+02   2.9823611e-01   8.0084028e+01   1.7452749e+02   3.7713245e+01   2.4247971e+02   3.1004261e+02   9.4277083e+00   2.6652254e+02   6.8997222e-01  -3.9173611e-01
   2.5200000e+02  -3.2501389e-01   9.1841667e+01   1.0208244e+02   2.4418634e+01   2.9009945e+02   3.0959129e+02   2.3088958e+00   2.1546111e+02   3.0419444e-01  -6.2920833e-01
   2.5300000e+02  -6.0777778e-01   9.9412500e+01   7.8355028e+01   6.6592533e+01   3.1319962e+02   3.1193497e+02   3.5847778e+00   2.8936456e+02   1.2984028e-01  -7.3761806e-01
   2.5400000e+02  -2.5117292e+00   1.0000000e+02   5.9135040e+01   5.3244004e+01   3.0178636e+02   3.0420076e+02   1.5122778e+01   3.0549163e+02   0.0000000e+00  -2.5117292e+00
   2.5500000e+02  -3.0842917e+00   9.9475000e+01   1.3413257e+02   1.0953323e+02   2.7567093e+02   2.9955278e+02   1.2970208e+01   3.0702812e+02   0.0000000e+00  -3.0842917e+00
   2.5600000e+02  -9.7329167e-01   7.2125139e+01   1.7717383e+02   1.2641280e+02   2.4641923e+02   2.9741745e+02   5.4944306e+00   2.0259248e+02   6.0243750e-01  -1.5757292e+00
   2.5700000e+02   2.1064514e+00   9.3420139e+01   6.3575901e+01   3.7439597e+01   3.1897683e+02   3.1808131e+02   6.0206250e+00   1.3622743e+02   2.1459931e+00  -3.9541667e-02
   2.5800000e+02   3.7217361e-01   9.7026389e+01   6.5109955e+01   4.7077315e+01   3.1194440e+02   3.1252969e+02   3.3377014e+00   2.4323666e+02   5.9841667e-01  -2.2624306e-01
   2.5900000e+02  -4.9009028e-01   9.7294444e+01   1.0225942e+02   7.7673044e+01   3.0437140e+02   3.1087059e+02   3.1934792e+00   3.0588610e+02   2.8382639e-01  -7.7391667e-01
   2.6000000e+02  -1.7769375e+00   9.8221528e+01   1.0824461e+02   8.9142013e+01   2.9519026e+02   3.0509848e+02   4.7438611e+00   2.9711085e+02   0.0000000e+00  -1.7769375e+00
   2.6100000e+02  -1.9759028e+00   9.8961806e+01   9.3094385e+01   7.7703680e+01   2.9827204e+02   3.0536298e+02   7.3134167e+00   3.0046975e+02   0.0000000e+00  -1.9759028e+00
   2.6200000e+02  -1.1417917e+00   9.6225000e+01   1.0321251e+02   8.2254855e+01   2.9528725e+02   3.0768312e+02   7.4848056e+00   2.9502057e+02   5.5555556e-05  -1.1418472e+00
   2.6300000e+02  -7.7175694e-01   9.2272917e+01   8.3104368e+01   6.4666961e+01   2.9560846e+02   3.0837274e+02   6.5788472e+00   2.8972423e+02   2.1236111e-02  -7.9299306e-01
   2.6400000e+02  -2.5862639e+00   8.2022500e+01   1.5632066e+02   1.0855559e+02   2.3423593e+02   2.9079473e+02   4.8312986e+00   2.3808703e+02   1.9397917e-01  -2.7802431e+00
   2.6500000e+02   8.0395833e-01   8.3163333e+01   6.5110493e+01   4.3908868e+01   2.8075057e+02   3.0954380e+02   1.0496215e+01   1.9283397e+02   1.6622917e+00  -8.5833333e-01
   2.6600000e+02   3.6111667e+00   9.1436111e+01   1.4316593e+02   3.5143011e+01   2.7981830e+02   3.1859875e+02   9.2931528e+00   1.4146046e+02   3.6111667e+00   0.0000000e+00
   2.6700000e+02   2.7870278e+00   9.4648611e+01   1.1144740e+02   2.0512481e+01   3.0036871e+02   3.2167530e+02   6.9557014e+00   1.1096995e+02   2.7870278e+00   0.0000000e+00
   2.6800000e+02   1.2051458e+00   9.8621528e+01   4.6564690e+01   5.3871797e+00   3.1488265e+02   3.1851214e+02   4.1078611e+00   5.9199396e+01   1.2692222e+00  -6.4076389e-02
   2.6900000e+02  -1.2513819e+00   9.3201389e+01   1.2684744e+02   6.5421773e+01   2.7035705e+02   3.0563942e+02   3.3018125e+00   2.3950896e+02   8.0298611e-02  -1.3316806e+00
   2.7000000e+02   1.1988611e+00   9.1954583e+01   8.3857563e+01   2.4740937e+01   3.1560475e+02   3.1586687e+02   2.7464097e+00   2.4721354e+02   1.2782917e+00  -7.9430556e-02
   2.7100000e+02  -1.2209236e+00   9.9861806e+01   5.2196613e+01   4.8063958e+01   3.0990984e+02   3.0956657e+02   3.6298889e+00   3.8393870e+01   4.4027778e-03  -1.2253264e+00
   2.7200000e+02  -9.2895833e-01   1.0000000e+02   6.1514636e+01   5.8104626e+01   3.1097700e+02   3.1081326e+02   6.7389236e+00   3.2628205e+02   0.0000000e+00  -9.2895833e-01
   2.7300000e+02  -1.3542222e+00   9.4475694e+01   1.0856331e+02   8.4850849e+01   2.7307905e+02   3.0119364e+02   4.0736042e+00   1.7916950e+02   1.1677083e-01  -1.4709931e+00
   2.7400000e+02  -3.3034722e-01   9.9040278e+01   5.6571132e+01   5.1608863e+01   3.1098572e+02   3.1293835e+02   5.4631667e+00   3.6720277e+01   7.6104167e-02  -4.0645139e-01
   2.7500000e+02  -5.6553472e-01   9.9959028e+01   5.1501759e+01   4.7218983e+01   3.1295065e+02   3.1291330e+02   4.2873333e+00   3.1222488e+02   0.0000000e+00  -5.6553472e-01
   2.7600000e+02  -1.9467917e+00   1.0000000e+02   6.0937220e+01   5.6264449e+01   3.0047157e+02   3.0538008e+02   6.5762222e+00   2.9995544e+02   0.0000000e+00  -1.9467917e+00
   2.7700000e+02  -2.1062083e+00   9.9734028e+01   6.3535440e+01   5.7691636e+01   2.9861961e+02   3.0460103e+02   7.6003264e+00   2.9156733e+02   4.9930556e-03  -2.1112014e+00
   2.7800000e+02  -9.7472222e-02   9.4008333e+01   3.3790460e+01   3.0578012e+01   3.1459954e+02   3.1523294e+02   4.4549167e+00   3.3198877e+02   5.3180556e-02  -1.5065278e-01
   2.7900000e+02  -5.0769375e+00   9.5765972e+01   1.0566366e+02   7.8245483e+01   2.7967559e+02   2.8549542e+02   4.1872708e+00   2.1068695e+02   0.0000000e+00  -5.0769375e+00
   2.8000000e+02  -6.5622639e+00   8.5426319e+01   1.0560706e+02   7.5290819e+01   2.2463772e+02   2.7585928e+02   6.7178056e+00   1.9147999e+02   0.0000000e+00  -6.5622639e+00
   2.8100000e+02  -3.0184306e+00   8.2165486e+01   1.0155724e+02   7.3904982e+01   2.3147547e+02   2.8975638e+02   7.9130347e+00   2.3528639e+02   4.9305556e-04  -3.0189236e+00
   2.8200000e+02  -3.5199167e+00   8.1450208e+01   9.0605610e+01   6.4908523e+01   2.4653559e+02   2.8829346e+02   6.3493750e+00   2.3745539e+02   9.9284722e-02  -3.6192014e+00
   2.8300000e+02  -3.1936806e-01   7.5837986e+01   8.9325053e+01   6.1865657e+01   2.4781490e+02   2.9916214e+02   6.7194097e+00   1.8661291e+02   1.2702986e+00  -1.5896667e+00
   2.8400000e+02   1.7032083e+00   8.9846528e+01   1.0249842e+02   7.4539125e+01   2.8934984e+02   3.1537319e+02   8.2676319e+00   1.3842642e+02   1.8848681e+00  -1.8165972e-01
   2.8500000e+02   1.8451458e+00   8.3339306e+01   7.1029889e+01   4.6768528e+01   2.8561229e+02   3.1674811e+02   7.5674375e+00   1.3324565e+02   1.8890625e+00  -4.3916667e-02
   2.8600000e+02  -1.1526389e+00   9.3763194e+01   4.1080116e+01   3.2580698e+01   2.8792320e+02   3.0615039e+02   2.7709792e+00   2.1016914e+02   1.4760417e-01  -1.3002431e+00
   2.8700000e+02  -4.6754167e-01   9.6982639e+01   6.4346978e+01   4.7307257e+01   2.9258304e+02   3.0926191e+02   5.2097569e+00   9.8467632e+01   2.6025694e-01  -7.2779861e-01
   2.8800000e+02  -2.9974722e+00   9.2807639e+01   5.7062644e+01   4.2618249e+01   2.7952397e+02   2.9734038e+02   3.0306736e+00   1.7231424e+02   0.0000000e+00  -2.9974722e+00
   2.8900000e+02  -3.7910347e+00   9.4043750e+01   5.1188606e+01   4.0787078e+01   2.8163492e+02   2.9435036e+02   3.0630417e+00   2.1195725e+02   1.6895833e-02  -3.8079306e+00
   2.9000000e+02  -3.5246736e+00   9.9390972e+01   3.9248650e+01   3.4747307e+01   2.9938974e+02   2.9723172e+02   2.6238819e+00   3.0088030e+02   0.0000000e+00  -3.5246736e+00
   2.9100000e+02  -5.6494931e+00   9.6470139e+01   3.3777261e+01   2.9825541e+01   2.8916517e+02   2.8962694e+02   4.4427292e+00   3.0943026e+02   0.0000000e+00  -5.6494931e+00
   2.9200000e+02  -7.3452361e+00   9.6416667e+01   3.8590077e+01   3.4329118e+01   2.8006334e+02   2.8159371e+02   2.9866389e+00   3.0358794e+02   0.0000000e+00  -7.3452361e+00
   2.9300000e+02  -7.3256944e+00   9.3618750e+01   6.2538090e+01   4.4517724e+01   2.6626262e+02   2.7733495e+02   3.3812014e+00   1.6671807e+02   0.0000000e+00  -7.3256944e+00
   2.9400000e+02  -1.3495000e+01   7.5750208e+01   7.5969443e+01   5.1867251e+01   1.9921013e+02   2.4999722e+02   6.9527431e+00   1.8923705e+02   0.0000000e+00  -1.3495000e+01
   2.9500000e+02  -1.1585486e+01   7.9222222e+01   7.0925643e+01   4.5337391e+01   2.0323855e+02   2.5890470e+02   9.2406111e+00   1.9081956e+02   0.0000000e+00  -1.1585486e+01
   2.9600000e+02  -5.8769444e+00   7.6563889e+01   4.0466470e+01   2.8125057e+01   2.4737496e+02   2.8118299e+02   6.3318125e+00   2.0291656e+02   6.7710417e-01  -6.5540486e+00
   2.9700000e+02  -1.6820000e+00   9.3393472e+01   2.4749842e+01   1.8104511e+01   2.9540512e+02   3.0342319e+02   2.9200625e+00   2.8559459e+02   8.5422222e-01  -2.5362222e+00
   2.9800000e+02  -2.1566319e+00   9.1606250e+01   2.2461637e+01   1.8263523e+01   2.9646162e+02   3.0069651e+02   3.7551111e+00   2.7557297e+02   3.4006944e-02  -2.1906389e+00
   2.9900000e+02  -1.0588931e+01   9.5745139e+01   4.3325879e+01   3.1050902e+01   2.6929218e+02   2.6737043e+02   2.5021319e+00   2.2980916e+02   0.0000000e+00  -1.0588931e+01
   3.0000000e+02  -9.0341250e+00   8.4838889e+01   2.9117646e+01   2.3526988e+01   2.7177515e+02   2.7476478e+02   2.6340278e+00   2.2021346e+02   3.9347222e-02  -9.0734722e+00
   3.0100000e+02   1.1008194e+00   9.5955556e+01   1.1153611e+01   8.9422972e+00   3.2029404e+02   3.1907463e+02   3.7592431e+00   2.8421139e+02   1.3930486e+00  -2.9222917e-01
   3.0200000e+02  -5.2447222e+00   9.4264722e+01   3.3933593e+01   2.7347186e+01   2.9178320e+02   2.8863845e+02   5.1735347e+00   3.2398930e+02   0.0000000e+00  -5.2447222e+00
   3.0300000e+02  -4.7672500e+00   8.5505556e+01   3.4195672e+01   2.4519296e+01   2.4913553e+02   2.8719352e+02   6.6347153e+00   2.3803934e+02   0.0000000e+00  -4.7672500e+00
   3.0400000e+02  -7.4829028e+00   9.5436111e+01   2.0015361e+01   1.6146408e+01   2.7890335e+02   2.8109297e+02   5.1209792e+00   3.1283666e+02   0.0000000e+00  -7.4829028e+00
   3.0500000e+02  -6.2526458e+00   9.8606250e+01   1.6278762e+01   1.4491670e+01   2.8659600e+02   2.8768255e+02   8.5816528e+00   3.4936437e+02   0.0000000e+00  -6.2526458e+00
   3.0600000e+02  -7.4938125e+00   9.7920139e+01   1.7835933e+01   1.6515555e+01   2.7976502e+02   2.8248893e+02   1.4241458e+01   3.4566463e+02   0.0000000e+00  -7.4938125e+00
   3.0700000e+02  -6.1433611e+00   9.8571528e+01   1.1716944e+01   1.1096210e+01   2.8611820e+02   2.8808376e+02   1.4452917e+01   3.3053151e+02   0.0000000e+00  -6.1433611e+00
   3.0800000e+02  -4.4010000e+00   9.9954167e+01   1.1163500e+01   1.0375553e+01   2.9326735e+02   2.9564369e+02   1.3712590e+01   3.3287671e+02   0.0000000e+00  -4.4010000e+00
   3.0900000e+02  -6.7724236e+00   8.5499306e+01   2.7784112e+01   2.0222718e+01   2.5464578e+02   2.7635165e+02   4.8212847e+00   2.6325874e+02   0.0000000e+00  -6.7724236e+00
   3.1000000e+02   8.4570139e-01   8.0143819e+01   1.6714624e+01   1.3462140e+01   2.9226476e+02   3.0566029e+02   6.7151389e+00   2.5663588e+02   3.0410000e+00  -2.1952986e+00
   3.1100000e+02  -7.3992708e+00   9.4366667e+01   1.2915352e+01   1.0819502e+01   2.8292954e+02   2.8425308e+02   5.1481042e+00   7.1895230e+01   0.0000000e+00  -7.3992708e+00
   3.1200000e+02  -6.0315694e+00   9.7875694e+01   1.3454513e+01   1.1495907e+01   2.8765182e+02   2.8889924e+02   3.5053542e+00   9.4220147e+01   0.0000000e+00  -6.0315694e+00
   3.1300000e+02  -3.2401389e+00   8.9393056e+01   1.5306626e+01   1.2024848e+01   2.7007519e+02   2.9499763e+02   7.5632014e+00   1.4951904e+02   1.1319444e-03  -3.2412708e+00
   3.1400000e+02  -3.1742361e+00   9.9937500e+01   1.1520582e+01   1.0468998e+01   3.0098684e+02   3.0068738e+02   4.2993264e+00   4.8012633e-01   0.0000000e+00  -3.1742361e+00
   3.1500000e+02  -6.3701528e+00   9.8843750e+01   1.3848192e+01   1.2678473e+01   2.8436280e+02   2.8718367e+02   9.7803681e+00   3.1251301e+02   0.0000000e+00  -6.3701528e+00
   3.1600000e+02  -8.4611875e+00   9.7752083e+01   1.1867689e+01   1.0684534e+01   2.7416318e+02   2.7673054e+02   5.3756181e+00   2.4904258e+02   0.0000000e+00  -8.4611875e+00
   3.1700000e+02  -5.7130435e+00   9.8934783e+01   0.0000000e+00   2.7114338e-01   2.4412249e+02   2.8624515e+02   1.1455261e+01   1.3183894e+02   0.0000000e+00  -5.7130435e+00
